code,name,sector,source,price,pct,open,high,low,pre_close,amount,turnover,volume_ratio,quote_time,close_location,high_dist,low_rebound,price_vs_open,etf_name,etf_grade,etf_score,relative_strength,quality_score,quick_profit_score,oversold_score,explosion_index,explosion_reason,held,cost,position_pnl,event_note,event_risk_value,event_hard_veto,event_unknown,signal,action,final_score,priority,life_stage,coach_score,candidate_grade,recommend_reasons,deduct_reasons,human_adjust,coach_action,coach_priority
600536,中国软件,软件,核心池,33.71,0.3,33.9,34.55,33.69,33.61,59270.0,2.05,0.76,20260904135221,0.02325581395349202,-2.4312590448625104,0.05936479667558725,-0.5604719764011779,云计算ETF,C,46.21,1.13,57.55,27.91,0.0,8.0,事件风险+8,True,0.0,0,近期业绩公告：中国软件:《中国软件2026年半年度报告》；近期业绩公告：中国软件:《中国软件2026年半年度报告》摘要,8.0,False,False,持仓保留,继续观察；持续弱于ETF时再降仓,27.91,6,震荡,15.91,持仓,当日未明显追高,冲高回落；市场风险较高,0.0,继续观察；持续弱于ETF时再降仓,2
000811,冰轮环境,自动发现,历史动态池,36.46,-6.56,39.01,39.45,36.46,39.02,126067.0,3.43,1.03,20260904135221,0.0,-7.579214195183781,0.0,-6.5367854396308545,,C,50.0,-6.56,54.2,0.0,57.44,30.0,当日大跌，进入风险观察,False,0.0,0,,0.0,False,False,回避,当前无优势,57.44,0,未知,45.44,D,量能较健康；当日未明显追高,弱于行业；市场风险较高,0.0,禁止追入/暂时回避,1
002714,牧原股份,自动发现,历史动态池,44.2,5.04,42.1,44.39,41.86,42.08,267584.0,1.87,1.96,20260904135221,0.9249011857707519,-0.42802432980399985,5.590062111801242,4.988123515439424,,C,50.0,5.04,54.85,66.55,0.0,0.0,,False,0.0,0,,0.0,False,False,回避,当前无优势,66.55,0,未知,44.55,D,明显强于行业；价格接近日内强势区；量能较健康；开盘后仍有承接,接近追高区；市场风险较高；人工设置禁止追高,0.0,禁止追入/暂时回避,1
002536,飞龙股份,自动发现,历史动态池,59.13,-6.19,63.07,63.97,59.0,63.03,424397.0,12.7,1.52,20260904135221,0.026156941649899918,-7.566046584336405,0.22033898305084954,-6.247027112731884,,C,50.0,-6.19,55.26,0.74,56.5,30.0,当日大跌，进入风险观察,False,0.0,0,,0.0,False,False,回避,当前无优势,56.5,0,未知,44.5,D,量能较健康；当日未明显追高,弱于行业；市场风险较高,0.0,禁止追入/暂时回避,1
002396,星网锐捷,自动发现,历史动态池,37.21,-6.15,39.26,39.55,36.88,39.65,347020.0,12.13,1.01,20260904135221,0.12359550561797714,-5.916561314791391,0.8947939262472948,-5.221599592460513,,C,50.0,-6.15,55.08,3.94,56.35,30.0,当日大跌，进入风险观察,False,0.0,0,,0.0,False,False,回避,当前无优势,56.35,0,未知,44.35,D,量能较健康；当日未明显追高,弱于行业；市场风险较高,0.0,禁止追入/暂时回避,1
301165,锐捷网络,自动发现,历史动态池,110.52,-5.63,118.5,118.77,110.35,117.11,155670.0,1.24,1.01,20260904135221,0.02019002375296932,-6.9461985349835835,0.15405527865881563,-6.734177215189874,,C,50.0,-5.63,54.38,1.34,54.68,30.0,当日大跌，进入风险观察,False,0.0,0,,0.0,False,False,回避,当前无优势,54.68,0,未知,42.68,D,量能较健康；当日未明显追高,弱于行业；市场风险较高,0.0,禁止追入/暂时回避,1
600105,永鼎股份,自动发现,今日自动发现,37.21,-5.32,39.4,39.95,37.18,39.3,313833.0,5.58,1.16,20260904135222,0.010830324909747691,-6.858573216520658,0.08068854222700317,-5.558375634517764,,C,50.0,-5.32,54.99,3.77,53.85,30.0,当日大跌，进入风险观察,False,0.0,0,,0.0,False,False,回避,当前无优势,53.85,0,未知,41.85,D,量能较健康；当日未明显追高,弱于行业；市场风险较高,0.0,禁止追入/暂时回避,1
600519,贵州茅台,自动发现,今日自动发现,1329.09,2.33,1295.88,1338.86,1295.6,1298.88,481671.0,0.29,2.29,20260904135221,0.7741562644475269,-0.7297252886784289,2.5849027477616637,2.562737290489836,,C,50.0,2.33,55.37,53.19,0.0,0.0,,False,0.0,0,,0.0,False,False,回避,当前无优势,53.19,0,未知,41.19,D,明显强于行业；价格接近日内强势区；量能较健康；开盘后仍有承接；当日未明显追高,市场风险较高,0.0,禁止追入/暂时回避,1
002008,大族激光,自动发现,历史动态池,88.28,-5.08,94.0,94.59,88.21,93.0,359623.0,4.14,1.11,20260904135221,0.01097178683385694,-6.670895443492975,0.07935608207687572,-6.085106382978722,,C,50.0,-5.08,55.11,3.74,53.15,30.0,当日大跌，进入风险观察,False,0.0,0,,0.0,False,False,回避,当前无优势,53.15,0,未知,41.15,D,量能较健康；当日未明显追高,弱于行业；市场风险较高,0.0,禁止追入/暂时回避,1
600036,招商银行,银行,核心池,41.71,1.56,41.05,41.78,40.95,41.07,266969.0,0.31,1.06,20260904135220,0.9156626506024091,-0.16754427955959494,1.8559218559218493,1.6077953714981774,沪深300ETF,C,51.12,1.3,58.85,52.58,0.0,8.0,事件风险+8,False,0.0,0,近期业绩公告：招商银行:招商银行股份有限公司2026年半年度报告；近期业绩公告：招商银行:招商银行股份有限公司2026年半年度报告摘要,8.0,False,False,回避,当前无优势,52.58,0,震荡,40.58,D,明显强于行业；价格接近日内强势区；量能较健康；开盘后仍有承接；当日未明显追高,市场风险较高,0.0,禁止追入/暂时回避,1
600176,中国巨石,自动发现,今日自动发现,40.58,-4.81,43.04,43.3,40.58,42.63,649721.0,3.92,0.92,20260904135221,0.0,-6.28175519630485,0.0,-5.715613382899631,,C,50.0,-4.81,55.63,4.9,52.42,0.0,,False,0.0,0,,0.0,False,False,回避,当前无优势,52.42,0,未知,40.42,D,量能较健康；当日未明显追高,弱于行业；市场风险较高,0.0,禁止追入/暂时回避,1
601138,工业富联,AI服务器,核心池,64.54,2.12,63.84,65.3,63.3,63.2,647466.0,0.51,1.4,20260904135221,0.6200000000000045,-1.1638591117917207,1.9589257503949575,1.0964912280701844,人工智能ETF,C,45.63,3.4,67.62,52.39,0.0,0.0,,False,0.0,0,,0.0,False,False,回避,当前无优势,52.39,0,震荡,40.39,D,明显强于行业；量能较健康；开盘后仍有承接；当日未明显追高；基础质量得分较好,市场风险较高,0.0,禁止追入/暂时回避,1
300285,国瓷材料,自动发现,今日自动发现,60.62,-4.73,64.16,65.0,60.58,63.63,329632.0,6.19,0.98,20260904135224,0.009049773755655912,-6.738461538461538,0.0660283922086391,-5.517456359102246,,C,50.0,-4.73,55.04,5.44,52.08,0.0,,False,0.0,0,,0.0,False,False,回避,当前无优势,52.08,0,未知,40.08,D,量能较健康；当日未明显追高,弱于行业；市场风险较高,0.0,禁止追入/暂时回避,1
002436,兴森科技,自动发现,历史动态池,33.55,-4.66,36.26,36.5,33.52,35.19,350556.0,6.64,1.46,20260904135221,0.01006711409395774,-8.082191780821923,0.08949880668256416,-7.473800330943192,,C,50.0,-4.66,55.09,2.96,51.88,0.0,,False,0.0,0,,0.0,False,False,回避,当前无优势,51.88,0,未知,39.88,D,量能较健康；当日未明显追高,弱于行业；市场风险较高,0.0,禁止追入/暂时回避,1
601888,中国中免,自动发现,今日自动发现,54.7,1.82,53.77,54.99,53.34,53.72,149183.0,1.4,1.65,20260904135221,0.8242424242424246,-0.5273686124749988,2.5496812898387677,1.7295889901431938,,C,50.0,1.82,54.35,51.31,0.0,0.0,,False,0.0,0,,0.0,False,False,回避,当前无优势,51.31,0,未知,39.31,D,明显强于行业；价格接近日内强势区；量能较健康；开盘后仍有承接；当日未明显追高,市场风险较高,0.0,禁止追入/暂时回避,1
600722,金牛化工,自动发现,今日自动发现,17.84,2.94,17.33,18.48,16.53,17.33,217592.0,17.89,1.05,20260904135222,0.6717948717948714,-3.463203463203468,7.924984875983054,2.9428736295441515,,C,50.0,2.94,46.68,48.19,0.0,18.0,事件风险+8；换手率偏高,False,0.0,0,近期业绩公告：金牛化工:金牛化工2026年半年度报告；近期业绩公告：金牛化工:金牛化工2026年半年度报告摘要,8.0,False,False,回避,当前无优势,48.19,0,未知,36.19,D,明显强于行业；量能较健康；开盘后仍有承接；当日未明显追高,市场风险较高,0.0,禁止追入/暂时回避,1
600378,昊华科技,自动发现,今日自动发现,46.23,-4.94,49.15,50.1,46.17,48.63,288206.0,5.65,0.84,20260904135223,0.015267175572517855,-7.7245508982035975,0.1299545159194171,-5.940996948118005,,C,50.0,-4.94,19.92,0.0,47.1,35.0,事件风险+35,False,0.0,0,业绩窗口显著下跌，存在预期差：昊华科技:昊华科技2026年半年度报告；业绩窗口显著下跌，存在预期差：昊华科技:昊华科技2026年半年度报告摘要；业绩窗口显著下跌，存在预期差：昊华科技:昊华科技关于召开2026年半年度业绩说明会的公告,35.0,False,False,回避,当前无优势,47.1,0,未知,35.1,D,量能较健康；当日未明显追高,弱于行业；市场风险较高,0.0,禁止追入/暂时回避,1
002602,世纪华通,自动发现,历史动态池,15.81,8.51,14.62,16.0,14.59,14.57,381368.0,3.65,2.86,20260904135221,0.865248226950355,-1.187499999999997,8.361891706648382,8.139534883720945,,C,50.0,8.51,20.16,59.62,0.0,100.0,重大明确利空；事件风险+35；当日涨幅超过7%,False,0.0,0,重大公告：世纪华通:上市公司2026年1-6月非经营性资金占用及其他关联资金往来情况汇总表；近期业绩公告：世纪华通:2026年半年度报告；近期业绩公告：世纪华通:2026年半年度报告摘要,35.0,True,False,消息面禁买,重大事件或消息面无法确认；禁止新增，若持有则优先控制风险,59.62,-1,未知,35.0,D,明显强于行业；价格接近日内强势区；开盘后仍有承接,当日涨幅过大；爆雷指数偏高；市场风险较高；人工设置禁止追高,0.0,禁止追入/暂时回避,1
300489,光智科技,自动发现,历史动态池,214.91,-6.88,229.97,233.88,214.91,230.8,199850.0,6.51,1.05,20260904135221,0.0,-8.110997092526084,0.0,-6.548680262642959,,C,50.0,-6.88,19.6,0.0,52.86,100.0,重大明确利空；事件风险+35；当日大跌，进入风险观察,False,0.0,0,重大公告：光智科技:2026年半年度非经营性资金占用及其他关联资金往来情况汇总表；业绩窗口大跌，疑似明显不及预期：光智科技:2026年半年度报告；业绩窗口大跌，疑似明显不及预期：光智科技:2026年半年度报告摘要,35.0,True,False,消息面禁买,重大事件或消息面无法确认；禁止新增，若持有则优先控制风险,52.86,-1,未知,35.0,D,量能较健康；当日未明显追高,爆雷指数偏高；弱于行业；市场风险较高,0.0,禁止追入/暂时回避,1
002837,英维克,自动发现,历史动态池,64.0,-6.56,67.0,67.77,64.0,68.49,397016.0,5.35,1.09,20260904135221,0.0,-5.562933451379659,0.0,-4.477611940298509,,C,50.0,-6.56,20.2,0.0,52.0,100.0,重大明确利空；事件风险+35；当日大跌，进入风险观察,False,0.0,0,重大公告：英维克:2026年1-6月非经营性资金占用及其他关联资金往来情况汇总表；业绩窗口大跌，疑似明显不及预期：英维克:2026年半年度报告；业绩窗口大跌，疑似明显不及预期：英维克:2026年半年度报告摘要,35.0,True,False,消息面禁买,重大事件或消息面无法确认；禁止新增，若持有则优先控制风险,52.0,-1,未知,35.0,D,量能较健康；当日未明显追高,爆雷指数偏高；弱于行业；市场风险较高,0.0,禁止追入/暂时回避,1
002558,巨人网络,自动发现,历史动态池,27.86,3.49,26.91,28.19,26.71,26.92,257229.0,4.9,2.04,20260904135221,0.7770270270270259,-1.1706278822277483,4.305503556720325,3.5302861389817863,,C,50.0,3.49,19.82,50.67,0.0,100.0,重大明确利空；事件风险+35,False,0.0,0,重大公告：巨人网络:2026半年度非经营性资金占用及其他关联资金往来情况汇总表；近期业绩公告：巨人网络:2026年半年度报告；近期业绩公告：巨人网络:2026年半年度报告摘要,35.0,True,False,消息面禁买,重大事件或消息面无法确认；禁止新增，若持有则优先控制风险,50.67,-1,未知,35.0,D,明显强于行业；价格接近日内强势区；量能较健康；开盘后仍有承接；当日未明显追高,爆雷指数偏高；市场风险较高,0.0,禁止追入/暂时回避,1
002636,金安国纪,自动发现,历史动态池,64.8,-5.5,70.5,71.69,64.8,68.57,267200.0,5.42,0.82,20260904135221,0.0,-9.610824382759098,0.0,-8.085106382978724,,C,50.0,-5.5,19.85,0.0,48.76,100.0,重大明确利空；事件风险+35；当日大跌，进入风险观察,False,0.0,0,重大公告：金安国纪:半年度非经营性资金占用及其他关联资金往来情况汇总表；业绩窗口大跌，疑似明显不及预期：金安国纪:2026年半年度报告；业绩窗口大跌，疑似明显不及预期：金安国纪:2026年半年度报告摘要,35.0,True,False,消息面禁买,重大事件或消息面无法确认；禁止新增，若持有则优先控制风险,48.76,-1,未知,35.0,D,量能较健康；当日未明显追高,爆雷指数偏高；弱于行业；市场风险较高,0.0,禁止追入/暂时回避,1
300475,香农芯创,自动发现,历史动态池,166.33,-5.28,176.61,177.5,166.3,175.61,400534.0,5.24,1.01,20260904135218,0.0026785714285715327,-6.292957746478867,0.01803968731208805,-5.820734952720685,,C,50.0,-5.28,20.21,0.0,48.16,100.0,重大明确利空；事件风险+35；当日大跌，进入风险观察,False,0.0,0,重大公告：香农芯创:2026年半年度非经营性资金占用及其他关联资金往来情况汇总表；业绩窗口大跌，疑似明显不及预期：香农芯创:2026年半年度报告；业绩窗口大跌，疑似明显不及预期：香农芯创:2026年半年度报告摘要,35.0,True,False,消息面禁买,重大事件或消息面无法确认；禁止新增，若持有则优先控制风险,48.16,-1,未知,35.0,D,量能较健康；当日未明显追高,爆雷指数偏高；弱于行业；市场风险较高,0.0,禁止追入/暂时回避,1
300751,迈为股份,自动发现,历史动态池,193.8,-5.26,206.03,208.66,193.62,204.55,93649.0,2.42,1.01,20260904135218,0.011968085106383438,-7.121633279018491,0.09296560272700205,-5.936028733679555,,C,50.0,-5.26,18.94,0.0,47.9,100.0,重大明确利空；事件风险+35；当日大跌，进入风险观察,False,0.0,0,减持风险：迈为股份:关于5%以上股东减持计划期限届满的公告；风险公告：迈为股份:关于公司2026年半年度计提资产减值准备的公告；重大公告：迈为股份:2026年半年度非经营性资金占用及其他关联资金往来情况汇总表；业绩窗口大跌，疑似明显不及预期：迈为股份:2026年半年度报告摘要；业绩窗口大跌，疑似明显不及预期：迈为股份:2026年半年度报告,35.0,True,False,消息面禁买,重大事件或消息面无法确认；禁止新增，若持有则优先控制风险,47.9,-1,未知,35.0,D,量能较健康；当日未明显追高,爆雷指数偏高；弱于行业；市场风险较高,0.0,禁止追入/暂时回避,1
600584,长电科技,自动发现,今日自动发现,67.66,-5.07,71.39,71.92,67.63,71.27,598569.0,4.82,1.84,20260904135223,0.006993006993007248,-5.92324805339266,0.04435901227266559,-5.224821403557922,,C,50.0,-5.07,20.55,0.0,47.59,100.0,重大明确利空；事件风险+35；当日大跌，进入风险观察,False,0.0,0,业绩窗口大跌，疑似明显不及预期：长电科技:2026年半年度业绩说明会记录,35.0,True,False,消息面禁买,重大事件或消息面无法确认；禁止新增，若持有则优先控制风险,47.59,-1,未知,35.0,D,量能较健康；当日未明显追高,爆雷指数偏高；弱于行业；市场风险较高,0.0,禁止追入/暂时回避,1
300604,长川科技,自动发现,历史动态池,257.0,-4.68,272.15,278.0,257.0,269.63,369010.0,2.85,1.06,20260904135218,0.0,-7.5539568345323715,0.0,-5.5667830240676,,C,50.0,-4.68,20.13,0.0,46.35,100.0,重大明确利空；事件风险+35,False,0.0,0,业绩窗口显著下跌，存在预期差：长川科技:2026年半年度报告披露的提示性公告；业绩窗口显著下跌，存在预期差：长川科技:2026年半年度报告摘要；业绩窗口显著下跌，存在预期差：长川科技:2026年半年度报告；重大公告：长川科技:2026半年度非经营性资金占用及其他关联资金往来情况汇总表,35.0,True,False,消息面禁买,重大事件或消息面无法确认；禁止新增，若持有则优先控制风险,46.35,-1,未知,34.35,D,量能较健康；当日未明显追高,爆雷指数偏高；弱于行业；市场风险较高,0.0,禁止追入/暂时回避,1
600276,恒瑞医药,创新药,核心池,46.16,0.44,45.97,46.41,45.96,45.96,168248.0,0.57,0.86,20260904135220,0.4444444444444392,-0.5386770092652426,0.4351610095735259,0.41331303023710575,医疗ETF,B,64.68,0.15,58.45,44.05,0.0,8.0,事件风险+8,False,0.0,0,近期业绩公告：恒瑞医药:恒瑞医药关于召开2026年半年度业绩说明会的公告,8.0,False,False,回避,当前无优势,44.05,0,启动,34.05,D,量能较健康；开盘后仍有承接；当日未明显追高；板块处于启动阶段,市场风险较高,0.0,禁止追入/暂时回避,1
002028,思源电气,自动发现,今日自动发现,147.75,2.62,144.58,149.96,144.58,143.98,152948.0,1.69,0.65,20260904135224,0.5892193308550168,-1.4737263270205414,2.192557753492874,2.192557753492874,,C,50.0,2.62,54.37,45.45,0.0,0.0,,False,0.0,0,,0.0,False,False,回避,当前无优势,45.45,0,未知,33.45,D,明显强于行业；开盘后仍有承接；当日未明显追高,市场风险较高,0.0,禁止追入/暂时回避,1
300750,宁德时代,自动发现,今日自动发现,353.11,1.03,351.4,354.66,349.56,349.5,602449.0,0.4,0.94,20260904135221,0.6960784313725481,-0.43703829019342555,1.0155624213296743,0.4866249288560054,,C,50.0,1.03,55.56,45.41,0.0,0.0,,False,0.0,0,,0.0,False,False,回避,当前无优势,45.41,0,未知,33.41,D,量能较健康；开盘后仍有承接；当日未明显追高,市场风险较高,0.0,禁止追入/暂时回避,1
601398,工商银行,自动发现,今日自动发现,8.17,0.86,8.07,8.21,8.06,8.1,149670.0,0.07,0.75,20260904135223,0.7333333333333278,-0.4872107186358221,1.3647642679900596,1.2391573729863659,,C,50.0,0.86,46.35,44.79,0.0,8.0,事件风险+8,False,0.0,0,近期业绩公告：工商银行:工商银行2026半年度报告；近期业绩公告：工商银行:工商银行2026半年度报告摘要,8.0,False,False,回避,当前无优势,44.79,0,未知,32.79,D,价格接近日内强势区；开盘后仍有承接；当日未明显追高,市场风险较高,0.0,禁止追入/暂时回避,1
600601,方正科技,自动发现,今日自动发现,13.21,4.68,12.84,13.88,12.84,12.62,451334.0,8.03,3.12,20260904135223,0.3557692307692314,-4.827089337175794,2.8816199376947127,2.8816199376947127,,C,50.0,4.68,55.31,44.51,0.0,8.0,距日内高点较远,False,0.0,0,,0.0,False,False,回避,当前无优势,44.51,0,未知,32.51,D,明显强于行业；开盘后仍有承接,市场风险较高,0.0,禁止追入/暂时回避,1
000858,五 粮 液,自动发现,今日自动发现,72.02,1.9,70.68,72.45,70.6,70.68,256720.0,0.92,2.02,20260904135221,0.767567567567565,-0.5935127674258189,2.0113314447592012,1.8958687040181,,C,50.0,1.9,19.82,43.86,0.0,100.0,重大明确利空；事件风险+35,False,0.0,0,近期业绩公告：五粮液:2026年半年度报告摘要；近期业绩公告：五粮液:2026年半年度报告；重大公告：五粮液:2026年半年度非经营性资金占用及其他关联资金往来情况汇总表,35.0,True,False,消息面禁买,重大事件或消息面无法确认；禁止新增，若持有则优先控制风险,43.86,-1,未知,31.86,D,明显强于行业；价格接近日内强势区；量能较健康；开盘后仍有承接；当日未明显追高,爆雷指数偏高；市场风险较高,0.0,禁止追入/暂时回避,1
600030,中信证券,自动发现,今日自动发现,28.16,1.08,27.96,28.33,27.95,27.86,283839.0,0.83,1.28,20260904135221,0.5526315789473721,-0.6000705965407582,0.7513416815742469,0.7153075822603716,,C,50.0,1.08,54.91,43.23,0.0,0.0,,False,0.0,0,,0.0,False,False,回避,当前无优势,43.23,0,未知,31.23,D,量能较健康；开盘后仍有承接；当日未明显追高,市场风险较高,0.0,禁止追入/暂时回避,1
600887,伊利股份,自动发现,今日自动发现,26.88,1.2,26.56,27.0,26.41,26.56,142067.0,0.84,1.09,20260904135222,0.7966101694915236,-0.4444444444444473,1.7796289284361944,1.2048192771084265,,C,50.0,1.2,22.3,41.98,0.0,32.0,事件风险+32,False,0.0,0,近期业绩公告：伊利股份:内蒙古伊利实业集团股份有限公司2026年半年度报告摘要；近期业绩公告：伊利股份:内蒙古伊利实业集团股份有限公司2026年半年度报告；风险公告：伊利股份:内蒙古伊利实业集团股份有限公司关于计提资产减值准备的公告,32.0,False,False,回避,当前无优势,41.98,0,未知,29.98,D,明显强于行业；价格接近日内强势区；量能较健康；开盘后仍有承接；当日未明显追高,市场风险较高,0.0,禁止追入/暂时回避,1
000338,潍柴动力,自动发现,今日自动发现,27.11,3.55,26.87,27.56,26.7,26.18,213592.0,1.59,0.96,20260904135221,0.4767441860465121,-1.632801161103048,1.5355805243445708,0.8931894305917343,,C,50.0,3.55,19.66,41.92,0.0,100.0,重大明确利空；事件风险+35,False,0.0,0,近期业绩公告：潍柴动力:2026年半年度报告摘要；重大公告：潍柴动力:潍柴动力股份有限公司2026年半年度非经营性资金占用及其他关联资金往来情况汇总表；近期业绩公告：潍柴动力:2026年半年度报告,35.0,True,False,消息面禁买,重大事件或消息面无法确认；禁止新增，若持有则优先控制风险,41.92,-1,未知,29.92,D,明显强于行业；量能较健康；开盘后仍有承接；当日未明显追高,爆雷指数偏高；市场风险较高,0.0,禁止追入/暂时回避,1
300418,昆仑万维,自动发现,今日自动发现,45.63,3.1,44.88,47.88,44.82,44.26,425135.0,7.78,1.33,20260904135221,0.26470588235294173,-4.699248120300748,1.8072289156626509,1.6711229946523964,,C,50.0,3.1,55.26,41.48,0.0,8.0,距日内高点较远,False,0.0,0,,0.0,False,False,回避,当前无优势,41.48,0,未知,29.48,D,明显强于行业；量能较健康；开盘后仍有承接；当日未明显追高,冲高回落；市场风险较高,0.0,禁止追入/暂时回避,1
000333,美的集团,自动发现,历史动态池,87.97,0.83,87.0,88.28,86.02,87.25,118695.0,0.2,1.05,20260904135221,0.862831858407079,-0.35115541458994315,2.266914671006748,1.1149425287356296,,C,50.0,0.83,19.15,41.36,0.0,100.0,重大明确利空；事件风险+35,False,0.0,0,重大公告：美的集团:2026年半年度非经营性资金占用及其他关联资金往来情况汇总表；近期业绩公告：美的集团:2026年半年度报告摘要；近期业绩公告：美的集团:2026年半年度报告,35.0,True,False,消息面禁买,重大事件或消息面无法确认；禁止新增，若持有则优先控制风险,41.36,-1,未知,29.36,D,价格接近日内强势区；量能较健康；开盘后仍有承接；当日未明显追高,爆雷指数偏高；市场风险较高,0.0,禁止追入/暂时回避,1
300059,东方财富,自动发现,历史动态池,19.22,1.1,19.08,19.45,19.07,19.01,374941.0,1.45,1.38,20260904135221,0.39473684210526044,-1.1825192802056628,0.7865757734661694,0.7337526205450695,,C,50.0,1.1,55.15,40.6,0.0,0.0,,False,0.0,0,,0.0,False,False,回避,当前无优势,40.6,0,未知,28.6,D,量能较健康；开盘后仍有承接；当日未明显追高,市场风险较高,0.0,禁止追入/暂时回避,1
300274,阳光电源,自动发现,今日自动发现,88.8,1.98,87.58,89.86,87.18,87.08,365819.0,2.6,0.86,20260904135221,0.6044776119402966,-1.1796127309147586,1.8582243633860962,1.393012103219915,,C,50.0,1.98,20.13,40.6,0.0,100.0,重大明确利空；事件风险+35,False,0.0,0,近期业绩公告：阳光电源:2026年半年度报告摘要；重大公告：阳光电源:2026年1-6月非经营性资金占用及其他关联资金往来情况汇总表；近期业绩公告：阳光电源:2026年半年度报告,35.0,True,False,消息面禁买,重大事件或消息面无法确认；禁止新增，若持有则优先控制风险,40.6,-1,未知,28.6,D,明显强于行业；量能较健康；开盘后仍有承接；当日未明显追高,爆雷指数偏高；市场风险较高,0.0,禁止追入/暂时回避,1
688205,德科立,自动发现,今日自动发现,192.67,5.63,188.12,206.88,186.23,182.4,418585.0,13.39,1.92,20260904135221,0.3118644067796608,-6.868716163959787,3.4580894592707967,2.418668934722512,,C,50.0,5.63,55.24,50.32,0.0,8.0,距日内高点较远,False,0.0,0,,0.0,False,False,回避,当前无优势,50.32,0,未知,28.32,D,明显强于行业；量能较健康；开盘后仍有承接,接近追高区；冲高回落；市场风险较高；人工设置禁止追高,0.0,禁止追入/暂时回避,1
688167,炬光科技,自动发现,今日自动发现,300.7,5.81,295.0,321.98,292.0,284.18,363259.0,9.03,1.74,20260904135221,0.2901934623082049,-6.6091061556618484,2.979452054794507,1.9322033898305113,,C,50.0,5.81,55.12,49.74,0.0,8.0,距日内高点较远,False,0.0,0,,0.0,False,False,回避,当前无优势,49.74,0,未知,27.74,D,明显强于行业；量能较健康；开盘后仍有承接,接近追高区；冲高回落；市场风险较高；人工设置禁止追高,0.0,禁止追入/暂时回避,1
600967,内蒙一机,自动发现,今日自动发现,13.84,2.06,13.4,14.25,13.32,13.56,184290.0,7.85,2.56,20260904135223,0.5591397849462363,-2.877192982456145,3.9039039039038936,3.2835820895522394,,C,50.0,2.06,46.53,39.64,0.0,8.0,事件风险+8,False,0.0,0,近期业绩公告：内蒙一机:内蒙古第一机械集团股份有限公司2026年半年度报告摘要；近期业绩公告：内蒙一机:内蒙古第一机械集团股份有限公司2026年半年度报告,8.0,False,False,回避,当前无优势,39.64,0,未知,27.64,D,明显强于行业；开盘后仍有承接；当日未明显追高,市场风险较高,0.0,禁止追入/暂时回避,1
002081,金 螳 螂,自动发现,历史动态池,5.16,3.82,5.01,5.45,5.01,4.97,174760.0,12.55,1.33,20260904135221,0.34090909090909144,-5.321100917431199,2.9940119760479167,2.9940119760479167,,C,50.0,3.82,19.48,39.47,0.0,100.0,重大明确利空；事件风险+35；距日内高点较远,False,0.0,0,风险公告：金螳螂:关于2026年半年度计提资产减值准备及核销资产的公告；近期业绩公告：金螳螂:2026年半年度报告；重大公告：金螳螂:2026年半年度非经营性资金占用及其他关联资金往来情况汇总表；近期业绩公告：金螳螂:2026年半年度报告摘要,35.0,True,False,消息面禁买,重大事件或消息面无法确认；禁止新增，若持有则优先控制风险,39.47,-1,未知,27.47,D,明显强于行业；量能较健康；开盘后仍有承接；当日未明显追高,爆雷指数偏高；冲高回落；市场风险较高,0.0,禁止追入/暂时回避,1
601601,中国太保,自动发现,今日自动发现,34.34,0.88,33.92,34.92,33.92,34.04,147526.0,0.63,1.14,20260904135221,0.4200000000000017,-1.6609392898052633,1.2382075471698117,1.2382075471698117,,C,50.0,0.88,46.34,39.37,0.0,8.0,事件风险+8,False,0.0,0,近期业绩公告：中国太保:太平洋健康保险股份有限公司偿付能力季度报告摘要节录；近期业绩公告：中国太保:中国太保2026年半年度报告摘要；近期业绩公告：中国太保:中国太保2026年半年度报告；近期业绩公告：中国太保:中国太平洋人寿保险股份有限公司偿付能力季度报告摘要节录；近期业绩公告：中国太保:中国太平洋财产保险股份有限公司偿付能力季度报告摘要节录；近期业绩公告：中国太保:太平洋安信农业保险股份有限公司偿付能力季度报告摘要节录,8.0,False,False,回避,当前无优势,39.37,0,未知,27.37,D,量能较健康；开盘后仍有承接；当日未明显追高,市场风险较高,0.0,禁止追入/暂时回避,1
300803,指南针,自动发现,历史动态池,88.3,3.08,86.5,90.57,85.99,85.66,255805.0,4.71,1.93,20260904135221,0.5043668122270749,-2.5063486805785518,2.686358878939421,2.0809248554913173,,C,50.0,3.08,19.82,39.09,0.0,100.0,重大明确利空；事件风险+35,False,0.0,0,近期业绩公告：指南针:年度报告重大差错责任追究制度；重大公告：指南针:2026年半年度非经营性资金占用及其他关联资金往来情况汇总表；近期业绩公告：指南针:2026年半年度报告摘要；近期业绩公告：指南针:2026年半年度报告,35.0,True,False,消息面禁买,重大事件或消息面无法确认；禁止新增，若持有则优先控制风险,39.09,-1,未知,27.09,D,明显强于行业；量能较健康；开盘后仍有承接；当日未明显追高,爆雷指数偏高；市场风险较高,0.0,禁止追入/暂时回避,1
600869,远东股份,自动发现,今日自动发现,21.21,0.76,21.05,21.97,20.51,21.05,610552.0,12.96,1.5,20260904135220,0.47945205479452097,-3.4592626308602603,3.412969283276457,0.7600950118764827,,C,50.0,0.76,55.57,37.58,0.0,0.0,,False,0.0,0,,0.0,False,False,回避,当前无优势,37.58,0,未知,25.58,D,量能较健康；开盘后仍有承接；当日未明显追高,市场风险较高,0.0,禁止追入/暂时回避,1
601318,中国平安,保险,核心池,58.16,0.28,57.88,58.99,57.88,58.0,324056.0,0.52,1.01,20260904135220,0.252252252252247,-1.4070181386675817,0.4837595024187902,0.4837595024187902,沪深300ETF,C,51.12,0.02,67.02,37.54,0.0,0.0,,False,0.0,0,,0.0,False,False,回避,当前无优势,37.54,0,震荡,25.54,D,量能较健康；开盘后仍有承接；当日未明显追高；基础质量得分较好,冲高回落；市场风险较高,0.0,禁止追入/暂时回避,1
600396,华电辽能,自动发现,今日自动发现,13.81,1.77,13.6,14.19,13.6,13.57,140064.0,6.8,1.27,20260904135223,0.35593220338983206,-2.6779422128259234,1.5441176470588402,1.5441176470588402,,C,50.0,1.77,46.29,37.44,0.0,8.0,事件风险+8,False,0.0,0,近期业绩公告：华电辽能:关于召开2026年半年度业绩说明会的公告；近期业绩公告：华电辽能:2026年半年度报告；近期业绩公告：华电辽能:2026年半年度报告摘要,8.0,False,False,回避,当前无优势,37.44,0,未知,25.44,D,明显强于行业；量能较健康；开盘后仍有承接；当日未明显追高,市场风险较高,0.0,禁止追入/暂时回避,1
300209,行云科技,自动发现,今日自动发现,35.55,1.28,35.11,36.79,34.78,35.1,224234.0,8.44,1.47,20260904135221,0.3830845771144263,-3.3704811089970144,2.213916043703268,1.253204215323267,,C,50.0,1.28,46.7,36.24,0.0,8.0,事件风险+8,False,0.0,0,近期业绩公告：行云科技:关于参加2026年湖南辖区上市公司投资者网上集体接待日暨半年度业绩说明会活动的公告,8.0,False,False,回避,当前无优势,36.24,0,未知,24.24,D,明显强于行业；量能较健康；开盘后仍有承接；当日未明显追高,市场风险较高,0.0,禁止追入/暂时回避,1
600309,万华化学,自动发现,今日自动发现,77.87,0.63,77.66,79.28,77.18,77.38,230495.0,0.94,0.98,20260904135221,0.3285714285714284,-1.7785065590312787,0.8940139932624991,0.2704094772083554,,C,50.0,0.63,46.73,35.82,0.0,8.0,事件风险+8,False,0.0,0,近期业绩公告：万华化学:万华化学2026年半年度报告；近期业绩公告：万华化学:万华化学2026年半年度报告摘要,8.0,False,False,回避,当前无优势,35.82,0,未知,23.82,D,量能较健康；开盘后仍有承接；当日未明显追高,冲高回落；市场风险较高,0.0,禁止追入/暂时回避,1
002131,利欧股份,自动发现,历史动态池,4.81,2.78,4.72,5.02,4.69,4.68,288501.0,10.08,1.29,20260904135221,0.36363636363636215,-4.183266932270913,2.5586353944562656,1.9067796610169552,,C,50.0,2.78,19.92,35.58,0.0,100.0,重大明确利空；事件风险+35；距日内高点较远,False,0.0,0,近期业绩公告：利欧股份:2026年半年度报告；风险公告：利欧股份:关于2026年半年度计提资产减值准备、信用减值准备及核销部分资产的公告；近期业绩公告：利欧股份:2026年半年度报告摘要；重大公告：利欧股份:半年度非经营性资金占用及其他关联资金往来情况汇总表,35.0,True,False,消息面禁买,重大事件或消息面无法确认；禁止新增，若持有则优先控制风险,35.58,-1,未知,23.58,D,明显强于行业；量能较健康；开盘后仍有承接；当日未明显追高,爆雷指数偏高；市场风险较高,0.0,禁止追入/暂时回避,1
601606,长城军工,自动发现,今日自动发现,34.7,0.03,34.2,35.82,33.86,34.69,178233.0,7.03,1.58,20260904135223,0.4285714285714301,-3.1267448352875427,2.4808033077377445,1.4619883040935644,,C,50.0,0.03,54.5,35.43,0.0,0.0,,False,0.0,0,,0.0,False,False,回避,当前无优势,35.43,0,未知,23.43,D,量能较健康；开盘后仍有承接；当日未明显追高,市场风险较高,0.0,禁止追入/暂时回避,1
300014,亿纬锂能,自动发现,历史动态池,51.43,0.55,51.4,51.98,51.25,51.15,72664.0,0.67,0.76,20260904135221,0.2465753424657541,-1.058099268949586,0.35121951219512226,0.058365758754863606,,C,50.0,0.55,53.72,35.27,0.0,0.0,,False,0.0,0,,0.0,False,False,回避,当前无优势,35.27,0,未知,23.27,D,开盘后仍有承接；当日未明显追高,冲高回落；市场风险较高,0.0,禁止追入/暂时回避,1
600547,山东黄金,自动发现,今日自动发现,37.88,1.01,38.0,38.75,37.2,37.5,337435.0,2.46,0.98,20260904135222,0.43870967741935546,-2.2451612903225726,1.8279569892473146,-0.3157894736842026,,C,50.0,1.01,47.06,34.37,0.0,8.0,事件风险+8,False,0.0,0,近期业绩公告：山东黄金:山东黄金矿业股份有限公司2026年半年度报告；近期业绩公告：山东黄金:山东黄金矿业股份有限公司2026年半年度报告摘要,8.0,False,False,回避,当前无优势,34.37,0,未知,22.37,D,量能较健康；当日未明显追高,市场风险较高,0.0,禁止追入/暂时回避,1
000712,锦龙股份,自动发现,今日自动发现,12.55,-0.63,12.5,13.25,11.8,12.63,189372.0,16.88,1.27,20260904135224,0.5172413793103451,-5.283018867924527,6.355932203389836,0.40000000000000036,,C,50.0,-0.63,54.55,33.71,0.0,10.0,换手率偏高,False,0.0,0,,0.0,False,False,回避,当前无优势,33.71,0,未知,21.71,D,量能较健康；开盘后仍有承接；当日未明显追高,市场风险较高,0.0,禁止追入/暂时回避,1
300364,中文在线,自动发现,今日自动发现,25.79,2.87,25.57,27.27,25.2,25.07,287797.0,16.57,1.15,20260904135221,0.28502415458937186,-5.427209387605425,2.341269841269833,0.860383261634734,,C,50.0,2.87,19.92,33.01,0.0,100.0,重大明确利空；事件风险+35；换手率偏高；距日内高点较远,False,0.0,0,重大公告：中文在线:2026年半年度非经营性资金占用及其他关联资金往来情况汇总表；近期业绩公告：中文在线:2026年半年度报告；近期业绩公告：中文在线:2026年半年度报告摘要,35.0,True,False,消息面禁买,重大事件或消息面无法确认；禁止新增，若持有则优先控制风险,33.01,-1,未知,21.01,D,明显强于行业；量能较健康；开盘后仍有承接；当日未明显追高,爆雷指数偏高；冲高回落；市场风险较高,0.0,禁止追入/暂时回避,1
600172,黄河旋风,自动发现,今日自动发现,15.97,0.31,15.8,16.45,15.21,15.92,484631.0,23.8,1.88,20260904135222,0.6129032258064522,-2.9179331306990797,4.996712689020377,1.0759493670886133,,C,50.0,0.31,20.37,32.07,0.0,45.0,事件风险+35；换手率偏高,False,0.0,0,近期业绩公告：黄河旋风:2026年半年度报告全文；近期业绩公告：黄河旋风:2026年半年度报告摘要；解禁风险：黄河旋风:华创证券有限责任公司关于张浩敏所持河南黄河旋风股份有限公司限售股份解除限售的核查意见；解禁风险：黄河旋风:关于部分限售股上市流通的公告,35.0,False,False,回避,当前无优势,32.07,0,未知,20.07,D,量能较健康；开盘后仍有承接；当日未明显追高,爆雷指数偏高；市场风险较高,0.0,禁止追入/暂时回避,1
603259,XD药明康,自动发现,今日自动发现,154.52,-1.02,155.88,157.01,153.21,156.12,303573.0,0.79,0.76,20260904135222,0.3447368421052653,-1.5858862492834747,0.85503557209059,-0.8724659994867712,,C,50.0,-1.02,54.96,31.62,0.0,0.0,,False,0.0,0,,0.0,False,False,回避,当前无优势,31.62,0,未知,19.62,D,当日未明显追高,弱于行业；市场风险较高,0.0,禁止追入/暂时回避,1
603083,剑桥科技,自动发现,今日自动发现,188.5,1.18,190.5,195.88,185.18,186.31,397951.0,7.57,1.42,20260904135222,0.31028037383177537,-3.767612824178068,1.7928501998055957,-1.049868766404205,,C,50.0,1.18,47.2,31.61,0.0,8.0,事件风险+8,False,0.0,0,近期业绩公告：剑桥科技:2026年半年度报告摘要；近期业绩公告：剑桥科技:2026年半年度报告,8.0,False,False,回避,当前无优势,31.61,0,未知,19.61,D,量能较健康；当日未明显追高,冲高回落；市场风险较高,0.0,禁止追入/暂时回避,1
601899,紫金矿业,有色金属,核心池,33.4,0.27,33.85,34.05,33.26,33.31,449586.0,0.65,0.87,20260904135222,0.17721518987341864,-1.9089574155653377,0.42092603728203226,-1.3293943870014813,有色金属ETF,C,45.32,1.26,67.31,31.55,0.0,0.0,,False,0.0,0,,0.0,False,False,回避,当前无优势,31.55,0,震荡,19.55,D,明显强于行业；量能较健康；当日未明显追高；基础质量得分较好,冲高回落；市场风险较高,0.0,禁止追入/暂时回避,1
002353,杰瑞股份,自动发现,今日自动发现,126.48,2.05,126.98,131.88,126.35,123.94,205011.0,2.31,1.4,20260904135221,0.023508137432189807,-4.094631483166511,0.10288880094975195,-0.3937627972909086,,C,50.0,2.05,54.62,31.39,0.0,23.0,冲高回落明显；距日内高点较远,False,0.0,0,,0.0,False,False,回避,当前无优势,31.39,0,未知,19.39,D,明显强于行业；量能较健康；当日未明显追高,冲高回落；市场风险较高,0.0,禁止追入/暂时回避,1
300033,同花顺,自动发现,历史动态池,222.91,1.55,219.8,228.8,219.8,219.5,295135.0,2.99,1.4,20260904135221,0.3455555555555539,-2.5743006993007023,1.4149226569608597,1.4149226569608597,,C,50.0,1.55,19.94,31.2,0.0,35.0,事件风险+35,False,0.0,0,减持风险：同花顺:关于董事、持股5%以上股东减持计划实施完成的公告,35.0,False,False,回避,当前无优势,31.2,0,未知,19.2,D,明显强于行业；量能较健康；开盘后仍有承接；当日未明显追高,冲高回落；市场风险较高,0.0,禁止追入/暂时回避,1
000783,长江证券,自动发现,历史动态池,9.32,0.98,9.4,9.45,9.23,9.23,113837.0,2.2,1.28,20260904135221,0.40909090909091056,-1.3756613756613634,0.9750812567713929,-0.8510638297872353,,C,50.0,0.98,19.11,31.12,0.0,100.0,重大明确利空；事件风险+35,False,0.0,0,重大公告：长江证券:2026年半年度非经营性资金占用及其他关联资金往来情况汇总表；近期业绩公告：长江证券:2026年半年度报告摘要；近期业绩公告：长江证券:2026年半年度报告,35.0,True,False,消息面禁买,重大事件或消息面无法确认；禁止新增，若持有则优先控制风险,31.12,-1,未知,19.12,D,量能较健康；当日未明显追高,爆雷指数偏高；市场风险较高,0.0,禁止追入/暂时回避,1
000063,中兴通讯,自动发现,历史动态池,33.17,-0.39,33.45,33.57,33.08,33.3,172165.0,1.28,0.92,20260904135221,0.18367346938776133,-1.191540065534702,0.2720677146311967,-0.8370702541106168,,C,50.0,-0.39,54.47,30.49,0.0,0.0,,False,0.0,0,,0.0,False,False,回避,当前无优势,30.49,0,未知,18.49,D,量能较健康；当日未明显追高,市场风险较高,0.0,禁止追入/暂时回避,1
300058,蓝色光标,自动发现,历史动态池,14.0,6.14,13.43,15.0,13.4,13.19,762564.0,15.32,2.05,20260904135218,0.37499999999999983,-6.666666666666665,4.477611940298498,4.24422933730455,,C,50.0,6.14,20.76,40.17,0.0,100.0,重大明确利空；事件风险+35；超过追高阈值；换手率偏高；距日内高点较远,False,0.0,0,风险公告：蓝色光标:关于2026年半年度计提信用减值损失、资产减值损失及核销资产的公告；重大公告：蓝色光标:2026年半年度非经营性资金占用及其他关联资金往来情况汇总表；近期业绩公告：蓝色光标:2026年半年度报告；近期业绩公告：蓝色光标:2026年半年度报告摘要,35.0,True,False,消息面禁买,重大事件或消息面无法确认；禁止新增，若持有则优先控制风险,40.17,-1,未知,18.17,D,明显强于行业；量能较健康；开盘后仍有承接,接近追高区；爆雷指数偏高；市场风险较高；人工设置禁止追高,0.0,禁止追入/暂时回避,1
600026,中远海能,自动发现,今日自动发现,20.44,0.54,20.5,21.18,20.23,20.33,154870.0,1.96,1.53,20260904135221,0.22105263157894844,-3.4938621340887543,1.038062283737018,-0.29268292682925745,,C,50.0,0.54,46.38,29.17,0.0,8.0,事件风险+8,False,0.0,0,近期业绩公告：中远海能:中远海能2026年半年度报告摘要；近期业绩公告：中远海能:中远海能2026年半年度报告,8.0,False,False,回避,当前无优势,29.17,0,未知,17.17,D,量能较健康；当日未明显追高,冲高回落；市场风险较高,0.0,禁止追入/暂时回避,1
688002,睿创微纳,自动发现,今日自动发现,181.36,0.39,182.0,185.99,180.89,180.66,145073.0,1.7,0.89,20260904135221,0.09215686274510297,-2.4893811495241613,0.2598264138426787,-0.3516483516483482,,C,50.0,0.39,54.32,28.01,0.0,0.0,,False,0.0,0,,0.0,False,False,回避,当前无优势,28.01,0,未知,16.01,D,量能较健康；当日未明显追高,冲高回落；市场风险较高,0.0,禁止追入/暂时回避,1
300454,深信服,自动发现,今日自动发现,135.38,0.17,137.32,140.89,134.32,135.15,218793.0,5.51,1.08,20260904135221,0.16133942161339473,-3.9108524380722542,0.7891602144133536,-1.4127585202446835,,C,50.0,0.17,54.68,27.22,0.0,0.0,,False,0.0,0,,0.0,False,False,回避,当前无优势,27.22,0,未知,15.22,D,量能较健康；当日未明显追高,冲高回落；市场风险较高,0.0,禁止追入/暂时回避,1
002015,协鑫能科,自动发现,今日自动发现,17.21,0.82,17.09,17.86,17.01,17.07,210703.0,7.41,1.26,20260904135221,0.23529411764705857,-3.639417693169089,1.1757789535567165,0.702165008777067,,C,50.0,0.82,19.65,26.21,0.0,100.0,重大明确利空；事件风险+35,False,0.0,0,重大公告：协鑫能科:2026年半年度非经营性资金占用及其他关联资金往来情况汇总表；近期业绩公告：协鑫能科:2026年半年度报告；近期业绩公告：协鑫能科:2026年半年度报告摘要,35.0,True,False,消息面禁买,重大事件或消息面无法确认；禁止新增，若持有则优先控制风险,26.21,-1,未知,14.21,D,量能较健康；开盘后仍有承接；当日未明显追高,爆雷指数偏高；冲高回落；市场风险较高,0.0,禁止追入/暂时回避,1
002049,紫光国微,自动发现,历史动态池,62.31,-0.72,63.18,63.21,62.31,62.76,49866.0,0.94,0.98,20260904135221,0.0,-1.423825344091123,0.0,-1.377018043684708,,C,50.0,-0.72,53.4,25.41,0.0,0.0,,False,0.0,0,,0.0,False,False,回避,当前无优势,25.41,0,未知,13.41,D,量能较健康；当日未明显追高,市场风险较高,0.0,禁止追入/暂时回避,1
002384,东山精密,自动发现,历史动态池,179.58,0.23,182.01,186.5,179.58,179.16,640884.0,2.53,0.97,20260904135221,0.0,-3.71045576407506,0.0,-1.3350914784901802,,C,50.0,0.23,55.61,24.86,0.0,0.0,,False,0.0,0,,0.0,False,False,回避,当前无优势,24.86,0,未知,12.86,D,量能较健康；当日未明显追高,冲高回落；市场风险较高,0.0,禁止追入/暂时回避,1
601208,东材科技,自动发现,今日自动发现,46.36,0.0,46.82,49.14,46.35,46.36,202278.0,4.2,0.86,20260904135221,0.0035842293906802915,-5.657305657305656,0.021574973031279754,-0.9824861170440014,,C,50.0,0.0,54.61,24.57,0.0,0.0,,False,0.0,0,,0.0,False,False,回避,当前无优势,24.57,0,未知,12.57,D,量能较健康；当日未明显追高,市场风险较高,0.0,禁止追入/暂时回避,1
002241,歌尔股份,自动发现,历史动态池,23.7,-0.34,23.9,23.98,23.67,23.78,80877.0,1.08,0.62,20260904135221,0.0967741935483797,-1.1676396997498006,0.12674271229402567,-0.8368200836820106,,C,50.0,-0.34,53.82,24.38,0.0,0.0,,False,0.0,0,,0.0,False,False,回避,当前无优势,24.38,0,未知,12.38,D,当日未明显追高,市场风险较高,0.0,禁止追入/暂时回避,1
603993,洛阳钼业,自动发现,今日自动发现,18.56,-0.27,18.88,18.99,18.52,18.61,184993.0,0.57,0.78,20260904135223,0.08510638297872179,-2.2643496577145816,0.21598272138227959,-1.6949152542372947,,C,50.0,-0.27,54.53,24.25,0.0,0.0,,False,0.0,0,,0.0,False,False,回避,当前无优势,24.25,0,未知,12.25,D,当日未明显追高,市场风险较高,0.0,禁止追入/暂时回避,1
688072,拓荆科技,自动发现,今日自动发现,633.33,-1.2,645.0,654.39,627.0,641.04,182237.0,1.01,1.15,20260904135220,0.23110624315443754,-3.218264337780219,1.009569377990438,-1.8093023255813856,,C,50.0,-1.2,54.52,24.08,0.0,0.0,,False,0.0,0,,0.0,False,False,回避,当前无优势,24.08,0,未知,12.08,D,量能较健康；当日未明显追高,弱于行业；市场风险较高,0.0,禁止追入/暂时回避,1
688825,长鑫科技,自动发现,今日自动发现,55.56,0.02,56.01,56.65,55.11,55.55,799170.0,3.17,0.78,20260904135223,0.2922077922077942,-1.9240953221535628,0.816548720740351,-0.8034279592929794,,C,50.0,0.02,23.81,23.76,0.0,32.0,事件风险+32,False,0.0,0,近期业绩公告：长鑫科技:2026年半年度报告；近期业绩公告：长鑫科技:2026年半年度报告摘要；近期业绩公告：长鑫科技:关于召开2026年半年度业绩说明会的公告；风险公告：长鑫科技:关于2026年半年度计提资产减值准备的公告,32.0,False,False,回避,当前无优势,23.76,0,未知,11.76,D,当日未明显追高,冲高回落；市场风险较高,0.0,禁止追入/暂时回避,1
000792,盐湖股份,自动发现,历史动态池,26.96,-0.41,27.07,27.4,26.87,27.07,88700.0,0.62,0.75,20260904135221,0.1698113207547175,-1.6058394160583855,0.3349460364719059,-0.40635389730329097,,C,50.0,-0.41,18.9,23.68,0.0,100.0,重大明确利空；事件风险+35,False,0.0,0,重大公告：盐湖股份:2026年半年度非经营性资金占用及其他关联资金往来情况汇总表；近期业绩公告：盐湖股份:2026年半年度报告；近期业绩公告：盐湖股份:2026年半年度报告摘要,35.0,True,False,消息面禁买,重大事件或消息面无法确认；禁止新增，若持有则优先控制风险,23.68,-1,未知,11.68,D,当日未明显追高,爆雷指数偏高；市场风险较高,0.0,禁止追入/暂时回避,1
000975,山金国际,自动发现,历史动态池,26.35,-1.09,27.04,27.17,26.1,26.64,86734.0,1.3,0.87,20260904135221,0.23364485981308405,-3.0180345969819666,0.9578544061302763,-2.5517751479289807,,C,50.0,-1.09,53.88,23.27,0.0,0.0,,False,0.0,0,,0.0,False,False,回避,当前无优势,23.27,0,未知,11.27,D,量能较健康；当日未明显追高,弱于行业；市场风险较高,0.0,禁止追入/暂时回避,1
000100,TCL科技,自动发现,历史动态池,4.86,-0.41,4.9,4.93,4.85,4.88,104609.0,1.06,0.75,20260904135221,0.12500000000000833,-1.4198782961460377,0.20618556701033075,-0.8163265306122436,,C,50.0,-0.41,19.04,22.35,0.0,100.0,重大明确利空；事件风险+35,False,0.0,0,风险公告：TCL科技:2026年半年度计提资产减值准备的公告；近期业绩公告：TCL科技:2026年半年度报告摘要；近期业绩公告：TCL科技:2026年半年度报告；重大公告：TCL科技:2026年半年度非经营性资金占用及其他关联资金往来情况汇总表,35.0,True,False,消息面禁买,重大事件或消息面无法确认；禁止新增，若持有则优先控制风险,22.35,-1,未知,10.35,D,当日未明显追高,爆雷指数偏高；市场风险较高,0.0,禁止追入/暂时回避,1
601872,招商轮船,自动发现,今日自动发现,19.21,-0.47,19.4,19.9,19.19,19.3,153515.0,0.98,1.07,20260904135222,0.02816901408450655,-3.467336683417077,0.10422094841062712,-0.9793814432989545,,C,50.0,-0.47,46.37,22.06,0.0,8.0,事件风险+8,False,0.0,0,近期业绩公告：招商轮船:招商轮船2026年半年度报告摘要；近期业绩公告：招商轮船:招商轮船2026年半年度报告；近期业绩公告：招商轮船:招商轮船关于召开2026年半年度业绩说明会的公告,8.0,False,False,回避,当前无优势,22.06,0,未知,10.06,D,量能较健康；当日未明显追高,市场风险较高,0.0,禁止追入/暂时回避,1
300620,光库科技,自动发现,历史动态池,282.6,-0.49,289.01,300.97,282.18,284.0,203228.0,2.82,0.85,20260904135221,0.02235231506120359,-6.1035983652855785,0.14884116521369783,-2.2179163350748987,,C,50.0,-0.49,54.62,21.84,0.0,0.0,,False,0.0,0,,0.0,False,False,回避,当前无优势,21.84,0,未知,9.84,D,量能较健康；当日未明显追高,市场风险较高,0.0,禁止追入/暂时回避,1
688008,澜起科技,自动发现,今日自动发现,189.73,-0.15,193.0,195.98,189.7,190.01,410167.0,1.86,0.92,20260904135221,0.004777070063694448,-3.1891009286661887,0.01581444385871933,-1.694300518134717,,C,50.0,-0.15,47.23,21.72,0.0,8.0,事件风险+8,False,0.0,0,近期业绩公告：澜起科技:澜起科技关于召开2026年半年度业绩说明会的公告；近期业绩公告：澜起科技:澜起科技2026年半年度报告摘要；近期业绩公告：澜起科技:澜起科技2026年半年度报告,8.0,False,False,回避,当前无优势,21.72,0,未知,9.72,D,量能较健康；当日未明显追高,市场风险较高,0.0,禁止追入/暂时回避,1
300085,银之杰,自动发现,今日自动发现,32.32,1.0,32.6,33.8,32.24,32.0,183014.0,9.27,1.24,20260904135224,0.05128205128205035,-4.378698224852062,0.2481389578163684,-0.8588957055214785,,C,50.0,1.0,19.52,21.32,0.0,100.0,重大明确利空；事件风险+35；距日内高点较远,False,0.0,0,近期业绩公告：银之杰:2026年半年度报告披露提示性公告；重大公告：银之杰:2026年半年度非经营性资金占用及其他关联资金往来情况汇总表；近期业绩公告：银之杰:2026年半年度报告摘要；近期业绩公告：银之杰:2026年半年度报告,35.0,True,False,消息面禁买,重大事件或消息面无法确认；禁止新增，若持有则优先控制风险,21.32,-1,未知,9.32,D,量能较健康；当日未明显追高,爆雷指数偏高；冲高回落；市场风险较高,0.0,禁止追入/暂时回避,1
300308,中际旭创,光模块/CPO,核心池,820.05,0.87,825.01,834.96,817.5,813.0,1297747.0,1.41,0.83,20260904135218,0.14604810996563283,-1.7857142857142905,0.3119266055045866,-0.6012048338808085,通信ETF,D,41.51,1.18,68.23,34.36,0.0,20.0,所属ETF为D级,False,0.0,0,,0.0,False,False,行业禁买,通信ETF为D级，停止新增,34.36,1,退潮,8.36,D,量能较健康；当日未明显追高；基础质量得分较好,冲高回落；所属行业偏弱；板块处于退潮阶段；市场风险较高,0.0,禁止追入/暂时回避,1
603067,振华股份,自动发现,今日自动发现,37.33,5.18,37.35,39.04,37.2,35.49,282241.0,9.7,3.47,20260904135221,0.07065217391304116,-4.3801229508196755,0.3494623655913909,-0.053547523427044386,,C,50.0,5.18,19.9,29.78,0.0,58.0,事件风险+35；冲高回落明显；距日内高点较远,False,0.0,0,减持风险：振华股份:振华股份股东减持股份计划实施完毕暨结果公告；近期业绩公告：振华股份:2026年半年度业绩说明会(通讯)内容纪要-2026.8.28；近期业绩公告：振华股份:振华股份2026年半年度报告摘要；近期业绩公告：振华股份:振华股份2026年半年度报告,35.0,False,False,回避,当前无优势,29.78,0,未知,7.78,D,明显强于行业,接近追高区；爆雷指数偏高；冲高回落；市场风险较高；人工设置禁止追高,0.0,禁止追入/暂时回避,1
300433,蓝思科技,自动发现,历史动态池,35.54,-0.92,36.2,36.83,35.51,35.87,180493.0,1.01,0.75,20260904135218,0.022727272727273585,-3.5025794189519344,0.0844832441565746,-1.8232044198895125,,C,50.0,-0.92,46.51,19.58,0.0,8.0,事件风险+8,False,0.0,0,近期业绩公告：蓝思科技:关于参加2026年湖南辖区上市公司投资者网上集体接待日暨半年度业绩说明会活动的公告,8.0,False,False,回避,当前无优势,19.58,0,未知,7.58,D,当日未明显追高,市场风险较高,0.0,禁止追入/暂时回避,1
300684,中石科技,自动发现,历史动态池,90.03,0.52,91.91,94.41,89.6,89.56,188830.0,10.06,1.09,20260904135218,0.08939708939709078,-4.639339053066404,0.47991071428572507,-2.0454792732020444,,C,50.0,0.52,19.55,19.03,0.0,100.0,重大明确利空；事件风险+35；开盘后显著走弱；距日内高点较远,False,0.0,0,近期业绩公告：中石科技:2026年半年度报告摘要；重大公告：中石科技:2026年半年度非经营性资金占用及其他关联资金往来情况汇总表；近期业绩公告：中石科技:2026年半年度报告,35.0,True,False,消息面禁买,重大事件或消息面无法确认；禁止新增，若持有则优先控制风险,19.03,-1,未知,7.03,D,量能较健康；当日未明显追高,爆雷指数偏高；冲高回落；市场风险较高,0.0,禁止追入/暂时回避,1
301205,联特科技,自动发现,历史动态池,285.38,0.13,286.0,305.99,285.33,285.0,154592.0,6.26,1.13,20260904135221,0.002420135527590092,-6.735514232491258,0.01752356920057263,-0.21678321678322288,,C,50.0,0.13,19.38,18.92,0.0,100.0,重大明确利空；事件风险+35；距日内高点较远,False,0.0,0,重大公告：联特科技:2026年半年度非经营性资金占用及其他关联资金往来情况汇总表；近期业绩公告：联特科技:2026年半年度报告；近期业绩公告：联特科技:2026年半年度报告摘要；近期业绩公告：联特科技:2026年半年度报告披露提示性公告,35.0,True,False,消息面禁买,重大事件或消息面无法确认；禁止新增，若持有则优先控制风险,18.92,-1,未知,6.92,D,量能较健康；当日未明显追高,爆雷指数偏高；冲高回落；市场风险较高,0.0,禁止追入/暂时回避,1
601212,白银有色,自动发现,今日自动发现,7.32,-0.14,7.54,7.55,7.26,7.33,311395.0,5.7,1.22,20260904135222,0.20689655172413962,-3.0463576158940353,0.8264462809917328,-2.917771883289122,,C,50.0,-0.14,22.99,18.74,0.0,32.0,事件风险+32,False,0.0,0,风险公告：白银有色:白银有色集团股份有限公司2026年上半年计提资产减值准备的公告；近期业绩公告：白银有色:白银有色集团股份有限公司关于召开2026年半年度业绩说明会的公告；近期业绩公告：白银有色:白银有色集团股份有限公司2026年半年度报告摘要；近期业绩公告：白银有色:白银有色集团股份有限公司2026年半年度报告,32.0,False,False,回避,当前无优势,18.74,0,未知,6.74,D,量能较健康；当日未明显追高,市场风险较高,0.0,禁止追入/暂时回避,1
688403,汇成股份,自动发现,今日自动发现,23.74,-1.33,24.59,26.57,23.67,24.06,182467.0,7.35,1.62,20260904135223,0.024137931034481645,-10.651110274745957,0.2957329953527488,-3.4566897112647488,,C,50.0,-1.33,54.52,17.83,0.0,0.0,,False,0.0,0,,0.0,False,False,回避,当前无优势,17.83,0,未知,5.83,D,量能较健康；当日未明显追高,弱于行业；市场风险较高,0.0,禁止追入/暂时回避,1
002185,华天科技,自动发现,历史动态池,15.7,-2.0,16.17,16.28,15.69,16.02,164381.0,3.09,0.96,20260904135221,0.016949152542372472,-3.5626535626535727,0.06373486297004405,-2.9066171923314954,,C,50.0,-2.0,54.43,16.59,0.0,0.0,,False,0.0,0,,0.0,False,False,回避,当前无优势,16.59,0,未知,4.59,D,量能较健康；当日未明显追高,弱于行业；市场风险较高,0.0,禁止追入/暂时回避,1
002491,通鼎互联,自动发现,历史动态池,20.57,-2.33,21.2,21.6,20.5,21.06,226461.0,9.12,0.91,20260904135221,0.06363636363636381,-4.768518518518528,0.34146341463414664,-2.9716981132075437,,C,50.0,-2.33,54.71,16.46,0.0,0.0,,False,0.0,0,,0.0,False,False,回避,当前无优势,16.46,0,未知,4.46,D,量能较健康；当日未明显追高,弱于行业；市场风险较高,0.0,禁止追入/暂时回避,1
002980,华盛昌,自动发现,今日自动发现,107.97,1.23,114.53,117.33,106.72,106.66,171053.0,15.12,2.26,20260904135224,0.117813383600377,-7.977499360777296,1.1712893553223358,-5.727756919584392,,C,50.0,1.23,19.47,16.38,0.0,100.0,重大明确利空；事件风险+35；换手率偏高；开盘后显著走弱；距日内高点较远,False,0.0,0,重大公告：华盛昌:2026年半年度非经营性资金占用及其他关联资金往来情况汇总表；近期业绩公告：华盛昌:2026年半年度报告；近期业绩公告：华盛昌:2026年半年度报告摘要,35.0,True,False,消息面禁买,重大事件或消息面无法确认；禁止新增，若持有则优先控制风险,16.38,-1,未知,4.38,D,明显强于行业；量能较健康；当日未明显追高,爆雷指数偏高；冲高回落；市场风险较高,0.0,禁止追入/暂时回避,1
300017,网宿科技,自动发现,历史动态池,15.65,-1.7,16.27,16.41,15.64,15.92,226960.0,5.95,1.01,20260904135221,0.012987012987012717,-4.631322364411938,0.06393861892584063,-3.8106945298094552,,C,50.0,-1.7,54.71,16.16,0.0,0.0,,False,0.0,0,,0.0,False,False,回避,当前无优势,16.16,0,未知,4.16,D,量能较健康；当日未明显追高,弱于行业；市场风险较高,0.0,禁止追入/暂时回避,1
603019,中科曙光,自动发现,今日自动发现,82.86,-1.77,85.16,85.35,82.8,84.35,191076.0,1.55,1.12,20260904135222,0.0235294117647068,-2.9173989455184457,0.07246376811593791,-2.700798496946921,,C,50.0,-1.77,46.56,16.05,0.0,8.0,事件风险+8,False,0.0,0,近期业绩公告：中科曙光:中科曙光2026年半年度报告摘要；近期业绩公告：中科曙光:中科曙光2026年半年度报告,8.0,False,False,回避,当前无优势,16.05,0,未知,4.05,D,量能较健康；当日未明显追高,弱于行业；市场风险较高,0.0,禁止追入/暂时回避,1
002709,天赐材料,自动发现,历史动态池,34.17,-1.24,34.68,34.88,34.16,34.6,79467.0,1.52,0.74,20260904135221,0.013888888888895879,-2.035550458715596,0.029274004683865762,-1.4705882352941124,,C,50.0,-1.24,53.8,15.89,0.0,0.0,,False,0.0,0,,0.0,False,False,回避,当前无优势,15.89,0,未知,3.89,D,当日未明显追高,弱于行业；市场风险较高,0.0,禁止追入/暂时回避,1
600988,赤峰黄金,自动发现,今日自动发现,45.7,-1.93,47.21,47.63,45.57,46.6,198284.0,2.56,0.96,20260904135223,0.06310679611650602,-4.052068024354394,0.2852754004827762,-3.198474899385717,,C,50.0,-1.93,46.59,15.62,0.0,8.0,事件风险+8,False,0.0,0,近期业绩公告：赤峰黄金:赤峰黄金2026年半年度报告；近期业绩公告：赤峰黄金:赤峰黄金关于召开2026年半年度业绩说明会的公告；近期业绩公告：赤峰黄金:赤峰黄金2026年半年度报告摘要,8.0,False,False,回避,当前无优势,15.62,0,未知,3.62,D,量能较健康；当日未明显追高,弱于行业；市场风险较高,0.0,禁止追入/暂时回避,1
688525,佰维存储,自动发现,今日自动发现,216.6,-1.77,222.88,223.66,216.58,220.5,228696.0,2.21,1.03,20260904135221,0.0028248587570595843,-3.1565769471519234,0.009234463015972416,-2.8176597272074666,,C,50.0,-1.77,46.72,15.56,0.0,8.0,事件风险+8,False,0.0,0,近期业绩公告：佰维存储:2026年半年度报告摘要；近期业绩公告：佰维存储:2026年半年度报告,8.0,False,False,回避,当前无优势,15.56,0,未知,3.56,D,量能较健康；当日未明显追高,弱于行业；市场风险较高,0.0,禁止追入/暂时回避,1
002716,湖南白银,自动发现,历史动态池,11.27,-2.76,11.66,11.68,11.2,11.59,230297.0,8.69,0.9,20260904135221,0.1458333333333338,-3.51027397260274,0.6250000000000089,-3.34476843910807,,C,50.0,-2.76,46.72,14.6,0.0,8.0,事件风险+8,False,0.0,0,近期业绩公告：湖南白银:关于参加2026年湖南辖区上市公司投资者网上集体接待日暨半年度业绩说明会活动的公告,8.0,False,False,回避,当前无优势,14.6,0,未知,2.6,D,量能较健康；当日未明显追高,弱于行业；市场风险较高,0.0,禁止追入/暂时回避,1
002281,光迅科技,自动发现,历史动态池,169.02,-2.57,174.6,176.43,169.02,173.48,257004.0,1.9,0.78,20260904135221,0.0,-4.199965992178201,0.0,-3.1958762886597825,,C,50.0,-2.57,54.82,14.4,0.0,0.0,,False,0.0,0,,0.0,False,False,回避,当前无优势,14.4,0,未知,2.4,D,当日未明显追高,弱于行业；市场风险较高,0.0,禁止追入/暂时回避,1
603986,兆易创新,自动发现,今日自动发现,373.6,-2.51,387.58,388.97,373.6,383.2,754886.0,2.96,1.0,20260904135223,0.0,-3.9514615523048024,0.0,-3.606997265080747,,C,50.0,-2.51,55.76,14.19,0.0,0.0,,False,0.0,0,,0.0,False,False,回避,当前无优势,14.19,0,未知,2.19,D,量能较健康；当日未明显追高,弱于行业；市场风险较高,0.0,禁止追入/暂时回避,1
000725,京东方Ａ,自动发现,历史动态池,5.65,-1.05,5.74,5.77,5.65,5.71,333239.0,1.65,0.8,20260904135221,0.0,-2.079722703639497,0.0,-1.5679442508710784,,C,50.0,-1.05,20.05,13.89,0.0,100.0,重大明确利空；事件风险+35,False,0.0,0,近期业绩公告：京东方Ｂ:2026年半年度报告(英文版)；近期业绩公告：京东方Ｂ:2026年半年度报告摘要(英文版)；风险公告：京东方Ａ:2026年半年度计提资产减值准备的公告；重大公告：京东方Ａ:2026年半年度非经营性资金占用及其他关联资金往来情况汇总表；近期业绩公告：京东方Ｂ:京东方Ａ:2026年半年度报告；近期业绩公告：京东方Ｂ:京东方Ａ:2026年半年度报告摘要,35.0,True,False,消息面禁买,重大事件或消息面无法确认；禁止新增，若持有则优先控制风险,13.89,-1,未知,1.89,D,量能较健康；当日未明显追高,爆雷指数偏高；弱于行业；市场风险较高,0.0,禁止追入/暂时回避,1
300408,三环集团,自动发现,历史动态池,109.89,-0.92,113.51,115.32,109.26,110.91,285099.0,1.37,0.78,20260904135218,0.10396039603960341,-4.708636836628511,0.5766062602965416,-3.189146330719761,,C,50.0,-0.92,19.91,13.8,0.0,100.0,重大明确利空；事件风险+35,False,0.0,0,近期业绩公告：三环集团:2026年半年度报告；近期业绩公告：三环集团:2026年半年度报告摘要；重大公告：三环集团:2026年半年度非经营性资金占用及其他关联资金往来情况汇总表,35.0,True,False,消息面禁买,重大事件或消息面无法确认；禁止新增，若持有则优先控制风险,13.8,-1,未知,1.8,D,当日未明显追高,爆雷指数偏高；市场风险较高,0.0,禁止追入/暂时回避,1
000630,铜陵有色,自动发现,历史动态池,6.43,-0.77,6.57,6.59,6.43,6.48,98750.0,1.36,0.77,20260904135221,0.0,-2.427921092564489,0.0,-2.130898021308991,,C,50.0,-0.77,18.99,13.67,0.0,100.0,重大明确利空；事件风险+35,False,0.0,0,近期业绩公告：铜陵有色:2026年半年度报告摘要；近期业绩公告：铜陵有色:2026年半年度报告；风险公告：铜陵有色:关于计提资产减值准备的公告；重大公告：铜陵有色:2026年半年度非经营性资金占用及其他关联资金往来情况汇总表,35.0,True,False,消息面禁买,重大事件或消息面无法确认；禁止新增，若持有则优先控制风险,13.67,-1,未知,1.67,D,当日未明显追高,爆雷指数偏高；市场风险较高,0.0,禁止追入/暂时回避,1
301308,江波龙,自动发现,今日自动发现,350.02,-2.67,364.17,365.5,350.0,359.63,216580.0,2.15,1.02,20260904135221,0.0012903225806439877,-4.23529411764706,0.005714285714275569,-3.885547958371105,,C,50.0,-2.67,54.67,13.17,0.0,0.0,,False,0.0,0,,0.0,False,False,回避,当前无优势,13.17,0,未知,1.17,D,量能较健康；当日未明显追高,弱于行业；市场风险较高,0.0,禁止追入/暂时回避,1
600522,中天科技,自动发现,今日自动发现,32.08,-2.52,33.16,33.4,32.06,32.91,313089.0,2.81,0.76,20260904135221,0.01492537313432543,-3.952095808383238,0.06238303181533844,-3.2569360675512637,,C,50.0,-2.52,46.99,13.15,0.0,8.0,事件风险+8,False,0.0,0,近期业绩公告：中天科技:江苏中天科技股份有限公司关于召开2026年半年度业绩说明会的公告；近期业绩公告：中天科技:江苏中天科技股份有限公司2026年半年度报告；近期业绩公告：中天科技:江苏中天科技股份有限公司2026年半年度报告摘要,8.0,False,False,回避,当前无优势,13.15,0,未知,1.15,D,当日未明显追高,弱于行业；市场风险较高,0.0,禁止追入/暂时回避,1
002484,江海股份,自动发现,历史动态池,56.54,-2.43,59.45,60.52,56.5,57.95,169174.0,3.51,0.81,20260904135221,0.009950248756218685,-6.576338400528758,0.0707964601769806,-4.894869638351562,,C,50.0,-2.43,54.46,12.54,0.0,0.0,,False,0.0,0,,0.0,False,False,回避,当前无优势,12.54,0,未知,0.54,D,量能较健康；当日未明显追高,弱于行业；市场风险较高,0.0,禁止追入/暂时回避,1
300502,新易盛,光模块/CPO,核心池,390.0,1.36,392.45,398.0,387.69,384.76,877613.0,1.78,0.89,20260904135218,0.2240543161978663,-2.010050251256279,0.5958368799814373,-0.6242833481972188,通信ETF,D,41.51,1.67,32.89,26.29,0.0,100.0,重大明确利空；事件风险+35；所属ETF为D级,False,0.0,0,近期业绩公告：新易盛:关于2026年半年度报告披露的提示性公告；重大公告：新易盛:2026年半年度非经营性资金占用及其他关联资金往来情况汇总表；近期业绩公告：新易盛:2026年半年度报告摘要；近期业绩公告：新易盛:2026年半年度报告,35.0,True,False,消息面禁买,重大事件或消息面无法确认；禁止新增，若持有则优先控制风险,26.29,-1,退潮,0.29,D,明显强于行业；量能较健康；当日未明显追高,爆雷指数偏高；冲高回落；所属行业偏弱；板块处于退潮阶段；市场风险较高,0.0,禁止追入/暂时回避,1
301358,湖南裕能,自动发现,历史动态池,56.51,-1.52,57.45,58.14,56.51,57.38,54421.0,1.24,0.85,20260904135221,0.0,-2.803577571379434,0.0,-1.6362053959965261,,C,50.0,-1.52,18.47,12.18,0.0,35.0,事件风险+35,False,0.0,0,近期业绩公告：湖南裕能:关于参加2026年湖南辖区上市公司投资者网上集体接待日暨半年度业绩说明会活动的公告；减持风险：湖南裕能:关于股东减持股份的预披露公告,35.0,False,False,回避,当前无优势,12.18,0,未知,0.18,D,量能较健康；当日未明显追高,弱于行业；市场风险较高,0.0,禁止追入/暂时回避,1
300394,天孚通信,光模块/CPO,核心池,249.25,0.18,252.01,262.68,249.24,248.81,815294.0,2.92,1.36,20260904135218,0.0007440476190469425,-5.112684635297704,0.004012197079106272,-1.0951946351335229,通信ETF,D,41.51,0.49,67.82,25.47,0.0,28.0,距日内高点较远；所属ETF为D级,False,0.0,0,,0.0,False,False,行业禁买,通信ETF为D级，停止新增,25.47,1,退潮,0.0,D,量能较健康；当日未明显追高；基础质量得分较好,冲高回落；所属行业偏弱；板块处于退潮阶段；市场风险较高,0.0,禁止追入/暂时回避,1
601088,中国神华,煤炭,核心池,47.62,-0.33,47.77,48.09,47.22,47.78,75985.0,0.1,0.73,20260904135219,0.4597701149425247,-0.9773341651071021,0.8470986869970387,-0.31400460540088604,煤炭ETF,D,30.52,-0.56,57.76,25.01,0.0,28.0,事件风险+8；所属ETF为D级,False,0.0,0,近期业绩公告：中国神华:中国神华2026年半年度报告；近期业绩公告：中国神华:中国神华2026年半年度报告摘要；近期业绩公告：中国神华:中国神华关于举办2026年半年度业绩说明会的公告,8.0,False,False,行业禁买,煤炭ETF为D级，停止新增,25.01,1,退潮,0.0,D,当日未明显追高,所属行业偏弱；板块处于退潮阶段；市场风险较高,0.0,禁止追入/暂时回避,1
688041,海光信息,国产AI芯片,核心池,244.79,-0.57,249.0,251.38,244.72,246.2,225087.0,0.39,0.78,20260904135220,0.010510510510509491,-2.621529159042091,0.028604118993125205,-1.6907630522088435,科创芯片ETF,E,12.81,1.46,66.7,17.52,0.0,35.0,所属ETF为E级,False,0.0,0,,0.0,False,False,行业禁买,科创芯片ETF为E级，停止新增,17.52,1,退潮,0.0,D,明显强于行业；当日未明显追高；基础质量得分较好,所属行业偏弱；板块处于退潮阶段；市场风险较高,0.0,禁止追入/暂时回避,1
688256,寒武纪,国产AI芯片,核心池,1086.86,-1.19,1115.0,1120.0,1081.02,1099.99,618042.0,0.89,0.83,20260904135221,0.1498204207285766,-2.9589285714285762,0.540230523024543,-2.5237668161435023,科创芯片ETF,E,12.81,0.84,67.58,17.27,0.0,35.0,所属ETF为E级,False,0.0,0,,0.0,False,False,行业禁买,科创芯片ETF为E级，停止新增,17.27,1,退潮,0.0,D,量能较健康；当日未明显追高；基础质量得分较好,所属行业偏弱；板块处于退潮阶段；市场风险较高,0.0,禁止追入/暂时回避,1
688012,中微公司,半导体设备,核心池,336.33,-1.37,343.99,347.1,336.09,341.0,275938.0,0.86,0.83,20260904135220,0.021798365122616535,-3.1028522039758144,0.07140944389896209,-2.2268089188639317,半导体ETF,E,13.11,0.62,66.88,14.79,0.0,35.0,所属ETF为E级,False,0.0,0,,0.0,False,False,行业禁买,半导体ETF为E级，停止新增,14.79,1,退潮,0.0,D,量能较健康；当日未明显追高；基础质量得分较好,所属行业偏弱；板块处于退潮阶段；市场风险较高,0.0,禁止追入/暂时回避,1
688981,中芯国际,晶圆制造,核心池,122.46,-1.14,124.98,125.75,122.3,123.87,255995.0,1.03,1.02,20260904135219,0.04637681159420187,-2.6163021868787273,0.1308258381030214,-2.016322611617871,半导体ETF,E,13.11,0.85,58.82,14.53,0.0,43.0,事件风险+8；所属ETF为E级,False,0.0,0,近期业绩公告：中芯国际:中芯国际2026年半年度报告摘要；近期业绩公告：中芯国际:中芯国际2026年半年度报告,8.0,False,False,行业禁买,半导体ETF为E级，停止新增,14.53,1,退潮,0.0,D,量能较健康；当日未明显追高,所属行业偏弱；板块处于退潮阶段；市场风险较高,0.0,禁止追入/暂时回避,1
300390,天华新能,自动发现,历史动态池,58.65,-2.27,60.01,60.79,58.63,60.01,85924.0,2.02,0.67,20260904135221,0.009259259259257432,-3.5203158414212843,0.03411222923417334,-2.2662889518413554,,C,50.0,-2.27,53.87,11.88,0.0,0.0,,False,0.0,0,,0.0,False,False,回避,当前无优势,11.88,0,未知,0.0,D,当日未明显追高,弱于行业；市场风险较高,0.0,禁止追入/暂时回避,1
300759,康龙化成,自动发现,历史动态池,41.42,-3.67,42.76,43.0,41.38,43.0,158801.0,2.66,1.27,20260904135221,0.02469135802469087,-3.674418604651164,0.09666505558241223,-3.133769878391013,,C,50.0,-3.67,54.4,11.8,0.0,0.0,,False,0.0,0,,0.0,False,False,回避,当前无优势,11.8,0,未知,0.0,D,量能较健康；当日未明显追高,弱于行业；市场风险较高,0.0,禁止追入/暂时回避,1
300476,胜宏科技,自动发现,历史动态池,221.35,-0.52,225.81,230.66,221.02,222.5,342944.0,1.76,0.68,20260904135218,0.034232365145226616,-4.036243822075781,0.1493077549542976,-1.9751118196714046,,C,50.0,-0.52,20.07,10.79,0.0,100.0,重大明确利空；事件风险+35,False,0.0,0,重大公告：胜宏科技:2026年半年度非经营性资金占用及其他关联资金往来情况汇总表；近期业绩公告：胜宏科技:2026年半年度报告摘要；近期业绩公告：胜宏科技:2026年半年度报告,35.0,True,False,消息面禁买,重大事件或消息面无法确认；禁止新增，若持有则优先控制风险,10.79,-1,未知,0.0,D,当日未明显追高,爆雷指数偏高；市场风险较高,0.0,禁止追入/暂时回避,1
688048,长光华芯,自动发现,今日自动发现,271.18,-1.6,280.0,290.3,271.13,275.6,167692.0,3.39,1.08,20260904135221,0.002608242044862354,-6.586290044781262,0.018441338103492022,-3.1499999999999972,,C,50.0,-1.6,22.45,10.71,0.0,32.0,事件风险+32,False,0.0,0,风险公告：长光华芯:关于计提2026年半年度资产减值准备的公告；近期业绩公告：长光华芯:2026年半年度报告摘要；近期业绩公告：长光华芯:2026年半年度报告；风险公告：长光华芯:关于诉讼调解及收到民事裁定书的公告,32.0,False,False,回避,当前无优势,10.71,0,未知,0.0,D,量能较健康；当日未明显追高,弱于行业；市场风险较高,0.0,禁止追入/暂时回避,1
000021,深科技,自动发现,历史动态池,34.7,-1.7,35.71,35.93,34.69,35.3,128272.0,2.29,0.88,20260904135221,0.008064516129036371,-3.4233231283050336,0.02882675122515277,-2.828339400728086,,C,50.0,-1.7,19.22,10.33,0.0,100.0,重大明确利空；事件风险+35,False,0.0,0,重大公告：深科技:2026年半年度非经营性资金占用及其他关联资金往来情况汇总表；近期业绩公告：深科技:2026年半年度报告摘要；近期业绩公告：深科技:2026年半年度报告,35.0,True,False,消息面禁买,重大事件或消息面无法确认；禁止新增，若持有则优先控制风险,10.33,-1,未知,0.0,D,量能较健康；当日未明显追高,爆雷指数偏高；弱于行业；市场风险较高,0.0,禁止追入/暂时回避,1
300548,长芯博创,自动发现,今日自动发现,195.09,-3.56,204.0,210.8,195.09,202.29,194468.0,3.26,1.17,20260904135221,0.0,-7.452561669829228,0.0,-4.367647058823532,,C,50.0,-3.56,54.58,10.0,0.0,0.0,,False,0.0,0,,0.0,False,False,回避,当前无优势,10.0,0,未知,0.0,D,量能较健康；当日未明显追高,弱于行业；市场风险较高,0.0,禁止追入/暂时回避,1
688498,源杰科技,自动发现,今日自动发现,1477.03,-2.05,1520.0,1527.01,1477.0,1508.0,244214.0,1.33,0.76,20260904135223,0.0005998800239946554,-3.273063044773772,0.0020311442112452838,-2.826973684210532,,C,50.0,-2.05,22.78,9.95,0.0,32.0,事件风险+32,False,0.0,0,近期业绩公告：源杰科技:陕西源杰半导体科技股份有限公司2026年半年度报告摘要；风险公告：源杰科技:陕西源杰半导体科技股份有限公司关于2026年半年度计提资产减值准备的公告；近期业绩公告：源杰科技:陕西源杰半导体科技股份有限公司2026年半年度报告,32.0,False,False,回避,当前无优势,9.95,0,未知,0.0,D,当日未明显追高,弱于行业；市场风险较高,0.0,禁止追入/暂时回避,1
002155,湖南黄金,自动发现,今日自动发现,26.87,-2.43,27.5,27.88,26.81,27.54,171869.0,4.03,0.76,20260904135224,0.056074766355142296,-3.622668579626964,0.22379709063782283,-2.290909090909088,,C,50.0,-2.43,19.47,9.95,0.0,35.0,事件风险+35,False,0.0,0,近期业绩公告：湖南黄金:关于参加2026年湖南辖区上市公司投资者网上集体接待日暨半年度业绩说明会活动的公告；风险公告：湖南黄金:关于披露重组草案的一般风险提示暨公司股票复牌的提示性公告；风险公告：湖南黄金:关于发行股份购买资产并募集配套资金的一般风险提示公告；减持风险：湖南黄金:董事及高级管理人员自本次重组预案披露之日起至实施完毕期间的股份减持计划；减持风险：湖南黄金:湖南黄金集团有限责任公司自本次重组预案披露之日起至实施完毕期间的股份减持计划,35.0,False,False,回避,当前无优势,9.95,0,未知,0.0,D,当日未明显追高,弱于行业；市场风险较高,0.0,禁止追入/暂时回避,1
300757,罗博特科,自动发现,历史动态池,575.18,-1.71,595.0,598.13,575.01,585.2,234856.0,2.46,0.87,20260904135218,0.007352941176468817,-3.836958520722933,0.029564703222551003,-3.331092436974803,,C,50.0,-1.71,19.74,9.7,0.0,100.0,重大明确利空；事件风险+35,False,0.0,0,重大公告：罗博特科:2026年半年度非经营性资金占用及其他关联资金往来情况汇总表；风险公告：罗博特科:关于2026年半年度计提信用减值准备、资产减值准备及核销资产的公告；近期业绩公告：罗博特科:2026年半年度报告披露提示性公告；近期业绩公告：罗博特科:2026年半年度报告；近期业绩公告：罗博特科:2026年半年度报告摘要,35.0,True,False,消息面禁买,重大事件或消息面无法确认；禁止新增，若持有则优先控制风险,9.7,-1,未知,0.0,D,量能较健康；当日未明显追高,爆雷指数偏高；弱于行业；市场风险较高,0.0,禁止追入/暂时回避,1
002407,多氟多,自动发现,历史动态池,33.55,-3.26,34.19,34.71,33.55,34.68,199751.0,5.41,0.65,20260904135221,0.0,-3.3419763756842524,0.0,-1.871892366188943,,C,50.0,-3.26,54.6,9.68,0.0,0.0,,False,0.0,0,,0.0,False,False,回避,当前无优势,9.68,0,未知,0.0,D,当日未明显追高,弱于行业；市场风险较高,0.0,禁止追入/暂时回避,1
002916,深南电路,PCB,核心池,334.78,-1.98,345.0,352.5,334.74,341.54,150160.0,0.66,0.95,20260904135221,0.002252252252250205,-5.026950354609938,0.011949572802771868,-2.962318840579714,通信ETF,D,41.51,-1.67,31.35,9.67,0.0,100.0,重大明确利空；事件风险+35；所属ETF为D级,False,0.0,0,风险公告：深南电路:关于计提资产减值准备的公告；重大公告：深南电路:2026年半年度非经营性资金占用及其他关联资金往来情况汇总表；近期业绩公告：深南电路:2026年半年度报告摘要；近期业绩公告：深南电路:2026年半年度报告,35.0,True,False,消息面禁买,重大事件或消息面无法确认；禁止新增，若持有则优先控制风险,9.67,-1,退潮,0.0,D,量能较健康；当日未明显追高,爆雷指数偏高；弱于行业；所属行业偏弱；板块处于退潮阶段；市场风险较高,0.0,禁止追入/暂时回避,1
300136,信维通信,自动发现,历史动态池,56.55,-1.91,58.3,58.97,56.55,57.65,122418.0,2.56,0.8,20260904135218,0.0,-4.103781583856203,0.0,-3.0017152658662116,,C,50.0,-1.91,19.18,9.36,0.0,100.0,重大明确利空；事件风险+35,False,0.0,0,重大公告：信维通信:2026年半年度非经营性资金占用及其他关联资金往来情况汇总表；近期业绩公告：信维通信:2026年半年度报告摘要；近期业绩公告：信维通信:2026年半年度报告,35.0,True,False,消息面禁买,重大事件或消息面无法确认；禁止新增，若持有则优先控制风险,9.36,-1,未知,0.0,D,量能较健康；当日未明显追高,爆雷指数偏高；弱于行业；市场风险较高,0.0,禁止追入/暂时回避,1
002475,立讯精密,自动发现,历史动态池,54.93,-2.21,56.98,56.98,54.78,56.17,460608.0,1.13,1.26,20260904135221,0.06818181818181766,-3.5977535977535946,0.27382256297918683,-3.5977535977535946,,C,50.0,-2.21,20.33,9.13,0.0,100.0,重大明确利空；事件风险+35,False,0.0,0,重大公告：立讯精密:非经营性资金占用及其他关联资金往来情况汇总表；近期业绩公告：立讯精密:立讯精密工业股份有限公司2026年第三季度业绩预告；近期业绩公告：立讯精密:2026年半年度报告；近期业绩公告：立讯精密:2026年半年度报告摘要,35.0,True,False,消息面禁买,重大事件或消息面无法确认；禁止新增，若持有则优先控制风险,9.13,-1,未知,0.0,D,量能较健康；当日未明显追高,爆雷指数偏高；弱于行业；市场风险较高,0.0,禁止追入/暂时回避,1
002192,融捷股份,自动发现,历史动态池,66.15,-4.17,68.88,69.42,66.12,69.03,70408.0,4.01,0.8,20260904135221,0.009090909090909443,-4.710458081244595,0.045372050816694376,-3.963414634146323,,C,50.0,-4.17,53.7,8.86,0.0,0.0,,False,0.0,0,,0.0,False,False,回避,当前无优势,8.86,0,未知,0.0,D,量能较健康；当日未明显追高,弱于行业；市场风险较高,0.0,禁止追入/暂时回避,1
300054,鼎龙股份,自动发现,历史动态池,67.02,-2.17,69.01,70.15,67.0,68.51,86777.0,1.7,0.85,20260904135221,0.006349206349205074,-4.461867426942279,0.029850746268644812,-2.8836400521663696,,C,50.0,-2.17,18.88,8.86,0.0,100.0,重大明确利空；事件风险+35,False,0.0,0,重大公告：鼎龙股份:2026年半年度非经营性资金占用及其他关联资金往来情况汇总表；近期业绩公告：鼎龙股份:2026年半年度报告；近期业绩公告：鼎龙股份:2026年半年度报告摘要,35.0,True,False,消息面禁买,重大事件或消息面无法确认；禁止新增，若持有则优先控制风险,8.86,-1,未知,0.0,D,量能较健康；当日未明显追高,爆雷指数偏高；弱于行业；市场风险较高,0.0,禁止追入/暂时回避,1
600206,有研新材,自动发现,今日自动发现,45.52,-3.66,48.01,48.28,45.51,47.25,188539.0,4.77,0.83,20260904135222,0.0036101083032509403,-5.716652858326421,0.021973192704916045,-5.186419495938333,,C,50.0,-3.66,54.55,8.65,0.0,0.0,,False,0.0,0,,0.0,False,False,回避,当前无优势,8.65,0,未知,0.0,D,量能较健康；当日未明显追高,弱于行业；市场风险较高,0.0,禁止追入/暂时回避,1
000506,招金黄金,自动发现,历史动态池,20.7,-1.38,20.99,21.5,20.7,20.99,100600.0,5.16,0.72,20260904135221,0.0,-3.7209302325581395,0.0,-1.3816102906145766,,C,50.0,-1.38,19.01,8.43,0.0,35.0,事件风险+35,False,0.0,0,减持风险：招金黄金:关于公司股东拟减持股份不超过1%的预披露公告,35.0,False,False,回避,当前无优势,8.43,0,未知,0.0,D,当日未明显追高,弱于行业；市场风险较高,0.0,禁止追入/暂时回避,1
300395,菲利华,自动发现,历史动态池,89.71,-3.0,93.0,93.9,89.71,92.48,107475.0,2.28,0.59,20260904135218,0.0,-4.462193823216198,0.0,-3.5376344086021527,,C,50.0,-3.0,54.06,7.99,0.0,0.0,,False,0.0,0,,0.0,False,False,回避,当前无优势,7.99,0,未知,0.0,D,当日未明显追高,弱于行业；市场风险较高,0.0,禁止追入/暂时回避,1
002371,北方华创,半导体设备,核心池,648.8,-1.07,665.0,666.98,648.77,655.84,228857.0,0.48,0.77,20260904135221,0.0016474464579886137,-2.725718912111319,0.004624134901431987,-2.436090225563914,半导体ETF,E,13.11,0.92,31.72,7.95,0.0,100.0,重大明确利空；事件风险+35；所属ETF为E级,False,0.0,0,重大公告：北方华创:2026年半年度非经营性资金占用及其他关联资金往来情况汇总表；近期业绩公告：北方华创:2026年半年度报告；近期业绩公告：北方华创:2026年半年度报告摘要,35.0,True,False,消息面禁买,重大事件或消息面无法确认；禁止新增，若持有则优先控制风险,7.95,-1,退潮,0.0,D,当日未明显追高,爆雷指数偏高；所属行业偏弱；板块处于退潮阶段；市场风险较高,0.0,禁止追入/暂时回避,1
002080,中材科技,自动发现,历史动态池,47.89,-3.78,50.8,50.99,47.85,49.77,130181.0,1.58,0.92,20260904135221,0.01273885350318444,-6.07962345557953,0.08359456635318452,-5.728346456692912,,C,50.0,-3.78,54.23,7.67,0.0,0.0,,False,0.0,0,,0.0,False,False,回避,当前无优势,7.67,0,未知,0.0,D,量能较健康；当日未明显追高,弱于行业；市场风险较高,0.0,禁止追入/暂时回避,1
000988,华工科技,自动发现,历史动态池,96.3,-2.71,99.58,100.86,96.1,98.98,230140.0,2.33,0.96,20260904135221,0.04201680672268963,-4.521118381915534,0.20811654526535772,-3.293834103233584,,C,50.0,-2.71,19.72,7.59,0.0,100.0,重大明确利空；事件风险+35,False,0.0,0,近期业绩公告：华工科技:2026年半年度报告；重大公告：华工科技:非经营性资金占用及其他关联资金往来情况汇总表；近期业绩公告：华工科技:2026年半年度报告摘要,35.0,True,False,消息面禁买,重大事件或消息面无法确认；禁止新增，若持有则优先控制风险,7.59,-1,未知,0.0,D,量能较健康；当日未明显追高,爆雷指数偏高；弱于行业；市场风险较高,0.0,禁止追入/暂时回避,1
001309,德明利,自动发现,历史动态池,394.95,-2.5,409.03,413.0,394.89,405.06,283491.0,4.26,0.82,20260904135221,0.0033130866924352418,-4.37046004842615,0.015194104687377141,-3.4422902965552615,,C,50.0,-2.5,19.91,7.33,0.0,100.0,重大明确利空；事件风险+35,False,0.0,0,解禁风险：德明利:关于2024年限制性股票激励计划预留部分限制性股票第一个解除限售期解除限售股份上市流通的提示性公告；重大公告：德明利:2026年半年度非经营性资金占用及其他关联方资金往来情况汇总表；近期业绩公告：德明利:2026年半年度报告摘要；近期业绩公告：德明利:2026年半年度报告,35.0,True,False,消息面禁买,重大事件或消息面无法确认；禁止新增，若持有则优先控制风险,7.33,-1,未知,0.0,D,量能较健康；当日未明显追高,爆雷指数偏高；弱于行业；市场风险较高,0.0,禁止追入/暂时回避,1
301526,国际复材,自动发现,历史动态池,26.5,-3.0,27.65,27.75,26.5,27.32,180679.0,4.76,0.65,20260904135218,0.0,-4.504504504504503,0.0,-4.159132007233268,,C,50.0,-3.0,54.51,7.22,0.0,0.0,,False,0.0,0,,0.0,False,False,回避,当前无优势,7.22,0,未知,0.0,D,当日未明显追高,弱于行业；市场风险较高,0.0,禁止追入/暂时回避,1
603629,利通电子,自动发现,今日自动发现,108.99,-2.35,114.0,114.6,108.98,111.61,174792.0,4.32,0.72,20260904135222,0.0017793594306033669,-4.89528795811518,0.009175995595511743,-4.394736842105262,,C,50.0,-2.35,46.49,7.12,0.0,8.0,事件风险+8,False,0.0,0,近期业绩公告：利通电子:利通电子2026年半年度报告摘要；近期业绩公告：利通电子:利通电子2026年半年度报告,8.0,False,False,回避,当前无优势,7.12,0,未知,0.0,D,当日未明显追高,弱于行业；市场风险较高,0.0,禁止追入/暂时回避,1
688766,普冉股份,自动发现,今日自动发现,369.16,-4.34,390.0,391.93,368.88,385.9,254251.0,4.53,1.2,20260904135222,0.012147505422994769,-5.80971091776592,0.07590544350466466,-5.343589743589739,,C,50.0,-4.34,54.81,6.76,0.0,0.0,,False,0.0,0,,0.0,False,False,回避,当前无优势,6.76,0,未知,0.0,D,量能较健康；当日未明显追高,弱于行业；市场风险较高,0.0,禁止追入/暂时回避,1
601869,长飞光纤,自动发现,今日自动发现,381.5,-3.04,399.66,400.71,381.5,393.46,263654.0,1.67,0.67,20260904135221,0.0,-4.793990666566838,0.0,-4.543862282940503,,C,50.0,-3.04,54.84,6.65,0.0,0.0,,False,0.0,0,,0.0,False,False,回避,当前无优势,6.65,0,未知,0.0,D,当日未明显追高,弱于行业；市场风险较高,0.0,禁止追入/暂时回避,1
600330,天通股份,自动发现,今日自动发现,26.61,-3.02,27.45,28.25,26.59,27.44,186736.0,5.53,0.94,20260904135220,0.01204819277108408,-5.805309734513275,0.07521624670929761,-3.0601092896174853,,C,50.0,-3.02,19.54,6.5,0.0,35.0,事件风险+35,False,0.0,0,业绩窗口显著下跌，存在预期差：天通股份:天通股份关于2026年半年度业绩说明会召开情况的公告；风险公告：天通股份:天通股份关于计提资产减值准备的公告；业绩窗口显著下跌，存在预期差：天通股份:天通股份2026半年度报告摘要；业绩窗口显著下跌，存在预期差：天通股份:天通股份2026半年度报告,35.0,False,False,回避,当前无优势,6.5,0,未知,0.0,D,量能较健康；当日未明显追高,弱于行业；市场风险较高,0.0,禁止追入/暂时回避,1
300666,江丰电子,自动发现,历史动态池,221.48,-2.65,229.88,231.42,221.48,227.5,132030.0,2.64,0.83,20260904135218,0.0,-4.295220810647304,0.0,-3.654080389768577,,C,50.0,-2.65,19.24,6.43,0.0,100.0,重大明确利空；事件风险+35,False,0.0,0,近期业绩公告：江丰电子:2026年半年度报告；近期业绩公告：江丰电子:2026年半年度报告摘要；近期业绩公告：江丰电子:关于2026年半年度报告披露的提示性公告；重大公告：江丰电子:2026年半年度非经营性资金占用及其他关联资金往来情况汇总表,35.0,True,False,消息面禁买,重大事件或消息面无法确认；禁止新增，若持有则优先控制风险,6.43,-1,未知,0.0,D,量能较健康；当日未明显追高,爆雷指数偏高；弱于行业；市场风险较高,0.0,禁止追入/暂时回避,1
300223,君正股份,自动发现,历史动态池,127.85,-3.14,132.9,133.99,127.81,131.99,186089.0,3.36,0.95,20260904135218,0.006472491909383819,-4.5824315247406595,0.03129645567638839,-3.799849510910469,,C,50.0,-3.14,19.54,5.05,0.0,100.0,重大明确利空；事件风险+35,False,0.0,0,业绩窗口显著下跌，存在预期差：君正股份:2026年半年度报告披露提示性公告；重大公告：君正股份:2026年半年度非经营性资金占用及其他关联资金往来情况汇总表；业绩窗口显著下跌，存在预期差：君正股份:2026年半年度报告摘要；业绩窗口显著下跌，存在预期差：君正股份:2026年半年度报告,35.0,True,False,消息面禁买,重大事件或消息面无法确认；禁止新增，若持有则优先控制风险,5.05,-1,未知,0.0,D,量能较健康；当日未明显追高,爆雷指数偏高；弱于行业；市场风险较高,0.0,禁止追入/暂时回避,1
002409,雅克科技,自动发现,历史动态池,127.3,-3.27,132.43,132.99,127.26,131.6,128251.0,3.1,0.89,20260904135221,0.006980802792319723,-4.278517181743002,0.03143171460002758,-3.8737446197991465,,C,50.0,-3.27,19.22,4.53,0.0,100.0,重大明确利空；事件风险+35,False,0.0,0,重大公告：雅克科技:江苏雅克科技股份有限公司2026年半年度非经营性资金占用及其他关联资金往来情况汇总表；业绩窗口显著下跌，存在预期差：雅克科技:2026年半年度报告摘要；业绩窗口显著下跌，存在预期差：雅克科技:2026年半年度报告,35.0,True,False,消息面禁买,重大事件或消息面无法确认；禁止新增，若持有则优先控制风险,4.53,-1,未知,0.0,D,量能较健康；当日未明显追高,爆雷指数偏高；弱于行业；市场风险较高,0.0,禁止追入/暂时回避,1
002463,沪电股份,自动发现,历史动态池,112.6,-3.28,118.0,119.2,112.5,116.42,416473.0,1.88,1.17,20260904135221,0.014925373134327503,-5.536912751677859,0.0888888888888939,-4.5762711864406835,,C,50.0,-3.28,20.24,3.88,0.0,100.0,重大明确利空；事件风险+35,False,0.0,0,重大公告：沪电股份:2026年半年度非经营性资金占用及其他关联资金往来情况汇总表；业绩窗口显著下跌，存在预期差：沪电股份:2026年半年度报告摘要；业绩窗口显著下跌，存在预期差：沪电股份:2026年半年度报告,35.0,True,False,消息面禁买,重大事件或消息面无法确认；禁止新增，若持有则优先控制风险,3.88,-1,未知,0.0,D,量能较健康；当日未明显追高,爆雷指数偏高；弱于行业；市场风险较高,0.0,禁止追入/暂时回避,1
600498,烽火通信,自动发现,今日自动发现,38.03,-3.38,39.77,39.87,38.02,39.36,188334.0,3.8,0.77,20260904135222,0.005405405405404347,-4.6149987459242485,0.026301946344031712,-4.375157153633403,,C,50.0,-3.38,19.55,3.58,0.0,35.0,事件风险+35,False,0.0,0,业绩窗口显著下跌，存在预期差：烽火通信:烽火通信科技股份有限公司2026年半年度报告；业绩窗口显著下跌，存在预期差：烽火通信:烽火通信科技股份有限公司2026年半年度报告摘要,35.0,False,False,回避,当前无优势,3.58,0,未知,0.0,D,当日未明显追高,弱于行业；市场风险较高,0.0,禁止追入/暂时回避,1
002851,麦格米特,自动发现,历史动态池,122.5,-3.65,128.4,129.99,122.5,127.14,319960.0,5.17,1.08,20260904135221,0.0,-5.76198169089931,0.0,-4.595015576323991,,C,50.0,-3.65,20.01,2.53,0.0,100.0,重大明确利空；事件风险+35,False,0.0,0,业绩窗口显著下跌，存在预期差：麦格米特:2026年半年度报告；业绩窗口显著下跌，存在预期差：麦格米特:2026年半年度报告摘要；重大公告：麦格米特:2026年半年度非经营性资金占用及其他关联资金往来情况汇总表,35.0,True,False,消息面禁买,重大事件或消息面无法确认；禁止新增，若持有则优先控制风险,2.53,-1,未知,0.0,D,量能较健康；当日未明显追高,爆雷指数偏高；弱于行业；市场风险较高,0.0,禁止追入/暂时回避,1
000657,中钨高新,自动发现,历史动态池,57.81,-3.68,60.61,61.22,57.8,60.02,234364.0,2.72,0.89,20260904135221,0.002923976608188629,-5.570075138843511,0.017301038062300655,-4.619699719518222,,C,50.0,-3.68,19.74,2.41,0.0,100.0,重大明确利空；事件风险+35,False,0.0,0,重大公告：中钨高新:上市公司2026年1-6月非经营性资金占用及其他关联资金往来情况汇总表；风险公告：中钨高新:关于2026年半年度计提资产减值准备的公告；业绩窗口显著下跌，存在预期差：中钨高新:关于召开2026年半年度业绩说明会的公告；业绩窗口显著下跌，存在预期差：中钨高新:2026年半年度报告；业绩窗口显著下跌，存在预期差：中钨高新:2026年半年度报告摘要,35.0,True,False,消息面禁买,重大事件或消息面无法确认；禁止新增，若持有则优先控制风险,2.41,-1,未知,0.0,D,量能较健康；当日未明显追高,爆雷指数偏高；弱于行业；市场风险较高,0.0,禁止追入/暂时回避,1
002297,博云新材,自动发现,今日自动发现,21.34,-3.0,22.01,22.85,21.32,22.0,356289.0,28.16,3.16,20260904135224,0.013071895424836314,-6.608315098468276,0.09380863039398779,-3.044070876874161,,C,50.0,-3.0,20.1,2.11,0.0,100.0,重大明确利空；事件风险+35；换手率过高,False,0.0,0,业绩窗口显著下跌，存在预期差：博云新材:关于参加2026年湖南辖区上市公司投资者网上集体接待日暨半年度业绩说明会活动的公告；业绩窗口显著下跌，存在预期差：博云新材:2026年半年度报告摘要；业绩窗口显著下跌，存在预期差：博云新材:2026年半年度报告；风险公告：博云新材:关于2026年半年度计提资产减值准备的公告；重大公告：博云新材:2026年半年度非经营性资金占用及其他关联资金往来情况汇总表,35.0,True,False,消息面禁买,重大事件或消息面无法确认；禁止新增，若持有则优先控制风险,2.11,-1,未知,0.0,D,当日未明显追高,爆雷指数偏高；弱于行业；市场风险较高,0.0,禁止追入/暂时回避,1
002156,通富微电,自动发现,历史动态池,57.23,-3.86,59.97,60.66,57.22,59.53,340437.0,3.82,1.15,20260904135221,0.00290697674418547,-5.654467523903728,0.01747640685074714,-4.568951142237787,,C,50.0,-3.86,20.06,2.04,0.0,100.0,重大明确利空；事件风险+35,False,0.0,0,重大公告：通富微电:通富微电子股份有限公司2026年6月30日非经营性资金占用及其他关联资金往来情况汇总表；业绩窗口显著下跌，存在预期差：通富微电:2026年半年度报告摘要；业绩窗口显著下跌，存在预期差：通富微电:2026年半年度报告,35.0,True,False,消息面禁买,重大事件或消息面无法确认；禁止新增，若持有则优先控制风险,2.04,-1,未知,0.0,D,量能较健康；当日未明显追高,爆雷指数偏高；弱于行业；市场风险较高,0.0,禁止追入/暂时回避,1
600183,生益科技,自动发现,今日自动发现,137.81,-3.76,145.2,147.8,137.6,143.19,662062.0,1.93,0.79,20260904135221,0.020588235294118393,-6.759133964817321,0.1526162790697727,-5.089531680440762,,C,50.0,-3.76,20.64,2.03,0.0,35.0,事件风险+35,False,0.0,0,业绩窗口显著下跌，存在预期差：生益科技:投资者关系活动记录表-2026年半年度业绩说明会,35.0,False,False,回避,当前无优势,2.03,0,未知,0.0,D,当日未明显追高,弱于行业；市场风险较高,0.0,禁止追入/暂时回避,1
600487,亨通光电,自动发现,今日自动发现,62.6,-4.12,65.7,66.49,62.6,65.29,658214.0,4.16,0.79,20260904135220,0.0,-5.850503835163168,0.0,-4.718417047184175,,C,50.0,-4.12,20.64,1.18,0.0,35.0,事件风险+35,False,0.0,0,业绩窗口显著下跌，存在预期差：亨通光电:亨通光电2026年半年度报告；业绩窗口显著下跌，存在预期差：亨通光电:亨通光电2026年半年度报告摘要,35.0,False,False,回避,当前无优势,1.18,0,未知,0.0,D,当日未明显追高,弱于行业；市场风险较高,0.0,禁止追入/暂时回避,1
002428,云南锗业,自动发现,历史动态池,87.66,-4.3,92.05,93.18,87.59,91.6,329725.0,5.6,1.01,20260904135221,0.012522361359569434,-5.924018029620104,0.07991779883547157,-4.769147202607282,,C,50.0,-4.3,20.04,0.72,0.0,100.0,重大明确利空；事件风险+35,False,0.0,0,重大公告：云南锗业:2026年半年度非经营性资金占用及其他关联资金往来情况汇总表；业绩窗口显著下跌，存在预期差：云南锗业:2026年半年度报告；业绩窗口显著下跌，存在预期差：云南锗业:2026年半年度报告摘要,35.0,True,False,消息面禁买,重大事件或消息面无法确认；禁止新增，若持有则优先控制风险,0.72,-1,未知,0.0,D,量能较健康；当日未明显追高,爆雷指数偏高；弱于行业；市场风险较高,0.0,禁止追入/暂时回避,1
600703,三安光电,自动发现,今日自动发现,13.29,-4.32,13.8,13.89,13.28,13.89,299878.0,4.4,2.64,20260904135223,0.01639344262295044,-4.319654427645803,0.07530120481926694,-3.6956521739130554,,C,50.0,-4.32,19.95,0.0,0.0,35.0,事件风险+35,False,0.0,0,风险公告：三安光电:三安光电股份有限公司股票交易风险提示公告；业绩窗口显著下跌，存在预期差：三安光电:三安光电股份有限公司关于召开2026年半年度业绩说明会的公告；业绩窗口显著下跌，存在预期差：三安光电:三安光电股份有限公司2026年半年度报告；业绩窗口显著下跌，存在预期差：三安光电:三安光电股份有限公司2026年半年度报告摘要；风险公告：三安光电:三安光电股份有限公司关于计提资产减值准备的公告,35.0,False,False,回避,当前无优势,0.0,0,未知,0.0,D,当日未明显追高,弱于行业；市场风险较高,0.0,禁止追入/暂时回避,1
688195,腾景科技,自动发现,今日自动发现,193.88,-4.16,207.0,209.9,193.7,202.3,286621.0,7.82,1.4,20260904135221,0.011111111111111521,-7.63220581229157,0.09292720702116508,-6.3381642512077345,,C,50.0,-4.16,19.91,0.0,0.0,35.0,事件风险+35,False,0.0,0,业绩窗口显著下跌，存在预期差：腾景科技:腾景科技2026年半年度报告摘要；业绩窗口显著下跌，存在预期差：腾景科技:腾景科技2026年半年度报告,35.0,False,False,回避,当前无优势,0.0,0,未知,0.0,D,量能较健康；当日未明显追高,弱于行业；市场风险较高,0.0,禁止追入/暂时回避,1
300857,协创数据,自动发现,历史动态池,254.8,-4.17,269.98,269.99,254.8,265.88,408342.0,3.24,1.13,20260904135218,0.0,-5.6261343012704135,0.0,-5.622638713978811,,C,50.0,-4.17,20.22,0.0,0.0,100.0,重大明确利空；事件风险+35,False,0.0,0,业绩窗口显著下跌，存在预期差：协创数据:关于2026年半年度报告披露的提示性公告；重大公告：协创数据:2026年半年度非经营性资金占用及其他关联资金往来情况汇总表；风险公告：协创数据:关于计提2026年半年度信用减值损失及资产减值损失的公告；业绩窗口显著下跌，存在预期差：协创数据:2026年半年度报告摘要；业绩窗口显著下跌，存在预期差：协创数据:2026年半年度报告,35.0,True,False,消息面禁买,重大事件或消息面无法确认；禁止新增，若持有则优先控制风险,0.0,-1,未知,0.0,D,量能较健康；当日未明显追高,爆雷指数偏高；弱于行业；市场风险较高,0.0,禁止追入/暂时回避,1
000636,风华高科,自动发现,历史动态池,48.8,-3.6,51.01,51.63,48.8,50.62,300728.0,5.24,0.69,20260904135221,0.0,-5.481309316288985,0.0,-4.332483826700651,,C,50.0,-3.6,19.96,0.0,0.0,100.0,重大明确利空；事件风险+35,False,0.0,0,风险公告：风华高科:关于2026年半年度计提资产减值准备的公告；重大公告：风华高科:2026年半年度非经营性资金占用及其他关联资金往来情况汇总表；业绩窗口显著下跌，存在预期差：风华高科:2026年半年度报告摘要；业绩窗口显著下跌，存在预期差：风华高科:2026年半年度报告,35.0,True,False,消息面禁买,重大事件或消息面无法确认；禁止新增，若持有则优先控制风险,0.0,-1,未知,0.0,D,当日未明显追高,爆雷指数偏高；弱于行业；市场风险较高,0.0,禁止追入/暂时回避,1
